Mon, 26 Jul 2010 16:56:30 +0000
0, 0.975330631271, 0
1, 0.877608124442, 0
2, 0.776615692142, 0
3, 0.850011399894, 0
4, 0.962951608296, 0
5, 0.996633442893, 0
6, 0.999887459684, 0
7, 0.999998616001, 0
8, 0.999999993739, 0
9, 0.99999999999, 0
10, 1.0, 0
11, 1.0, 0
12, 1.0, 0
13, 1.0, 0
14, 1.0, 0
15, 1.0, 0
16, 1.0, 0
17, 1.0, 0
18, 1.0, 0
19, 1.0, 0
20, 1.0, 0
21, 1.0, 0
22, 1.0, 0
23, 1.0, 0
24, 1.0, 0
25, 1.0, 0
26, 1.0, 0
27, 1.0, 0
28, 1.0, 0
29, 1.0, 0
30, 1.0, 0
31, 1.0, 0
32, 1.0, 0
33, 0.999999999977, 0
34, 0.999999988562, 0
35, 0.999997915068, 0
36, 0.999860184736, 0
37, 0.996550764571, 0
38, 0.968696232656, 0
39, 0.895485657198, 0
40, 0.871630840112, 0
41, 0.941996924468, 0
42, 0.99035844988, 0
43, 0.999410412561, 0
44, 0.999986736593, 0
45, 0.999999890234, 0
46, 0.999999999666, 0
47, 1.0, 0
48, 1.0, 0
49, 1.0, 0
50, 0.999999999956, 0
51, 0.999999973703, 0
52, 0.999994246231, 0
53, 0.999536867931, 0
54, 0.986286041402, 0
55, 0.850608347436, 0
56, 0.401319177061, 0
57, 0.117387892774, 0
58, 0.521314874798, 0
59, 0.904492934335, 0
60, 0.992989861636, 0
61, 0.999810711951, 0
62, 0.999998119708, 0
63, 0.999999993129, 0
64, 0.999999999991, 0
65, 1.0, 0
66, 1.0, 0
67, 1.0, 0
68, 1.0, 0
69, 1.0, 0
70, 1.0, 0
71, 1.0, 0
72, 1.0, 0
73, 1.0, 0
74, 1.0, 0
75, 1.0, 0
76, 1.0, 0
77, 1.0, 0
78, 1.0, 0
79, 1.0, 0
80, 1.0, 0
81, 1.0, 0
82, 1.0, 0
83, 1.0, 0
84, 1.0, 0
85, 1.0, 0
86, 1.0, 0
87, 1.0, 0
88, 1.0, 0
89, 1.0, 0
90, 1.0, 0
91, 1.0, 0
92, 1.0, 0
93, 1.0, 0
94, 1.0, 0
95, 1.0, 0
96, 1.0, 0
97, 1.0, 0
98, 1.0, 0
99, 1.0, 0
100, 1.0, 0
101, 1.0, 0
102, 1.0, 0
103, 1.0, 0
104, 1.0, 0
105, 1.0, 0
106, 1.0, 0
107, 1.0, 0
108, 1.0, 0
109, 1.0, 0
110, 1.0, 0
111, 1.0, 0
112, 1.0, 0
113, 1.0, 0
114, 1.0, 0
115, 1.0, 0
116, 1.0, 0
117, 1.0, 0
118, 1.0, 0
119, 1.0, 0
120, 1.0, 0
121, 1.0, 0
122, 1.0, 0
123, 1.0, 0
124, 1.0, 0
125, 1.0, 0
126, 1.0, 0
127, 1.0, 0
128, 1.0, 0
129, 1.0, 0
130, 1.0, 0
131, 1.0, 0
132, 1.0, 0
133, 1.0, 0
134, 1.0, 0
135, 1.0, 0
136, 1.0, 0
137, 1.0, 0
138, 1.0, 0
139, 1.0, 0
140, 1.0, 0
141, 1.0, 0
142, 1.0, 0
143, 1.0, 0
144, 0.999999999999, 0
145, 0.999999998809, 0
146, 0.999999581364, 0
147, 0.999945847533, 0
148, 0.997423051114, 0
149, 0.954887294143, 0
150, 0.709465662836, 0
151, 0.311662268774, 0
152, 0.400055325218, 0
153, 0.807634871185, 0
154, 0.977309346151, 0
155, 0.99901536971, 0
156, 0.999984281725, 0
157, 0.999999907691, 0
158, 0.999999999801, 0
0, 1.0, 1
1, 1.0, 1
2, 1.0, 1
3, 1.0, 1
4, 1.0, 1
5, 1.0, 1
6, 1.0, 1
7, 1.0, 1
8, 1.0, 1
9, 1.0, 1
10, 1.0, 1
11, 1.0, 1
12, 1.0, 1
13, 1.0, 1
14, 1.0, 1
15, 1.0, 1
16, 1.0, 1
17, 1.0, 1
18, 1.0, 1
19, 1.0, 1
20, 1.0, 1
21, 1.0, 1
22, 1.0, 1
23, 1.0, 1
24, 1.0, 1
25, 1.0, 1
26, 1.0, 1
27, 1.0, 1
28, 1.0, 1
29, 1.0, 1
30, 1.0, 1
31, 1.0, 1
32, 1.0, 1
33, 1.0, 1
34, 1.0, 1
35, 1.0, 1
36, 1.0, 1
37, 1.0, 1
38, 1.0, 1
39, 1.0, 1
40, 1.0, 1
41, 1.0, 1
42, 1.0, 1
43, 1.0, 1
44, 1.0, 1
45, 1.0, 1
46, 1.0, 1
47, 1.0, 1
48, 1.0, 1
49, 1.0, 1
50, 1.0, 1
51, 1.0, 1
52, 1.0, 1
53, 1.0, 1
54, 1.0, 1
55, 1.0, 1
56, 1.0, 1
57, 1.0, 1
58, 1.0, 1
59, 1.0, 1
60, 1.0, 1
61, 1.0, 1
62, 1.0, 1
63, 1.0, 1
64, 1.0, 1
65, 1.0, 1
66, 1.0, 1
67, 1.0, 1
68, 1.0, 1
69, 1.0, 1
70, 1.0, 1
71, 1.0, 1
72, 1.0, 1
73, 1.0, 1
74, 1.0, 1
75, 1.0, 1
76, 1.0, 1
77, 1.0, 1
78, 1.0, 1
79, 1.0, 1
80, 1.0, 1
81, 1.0, 1
82, 1.0, 1
83, 1.0, 1
84, 1.0, 1
85, 1.0, 1
86, 1.0, 1
87, 1.0, 1
88, 1.0, 1
89, 1.0, 1
90, 1.0, 1
91, 0.999999999999, 1
92, 0.9999999995, 1
93, 0.999999839745, 1
94, 0.999981103149, 1
95, 0.999180264443, 1
96, 0.986918316963, 1
97, 0.923200394502, 1
98, 0.83413304411, 1
99, 0.868214910024, 1
100, 0.961480716632, 1
101, 0.995858137874, 1
102, 0.999836160507, 1
103, 0.999997615776, 1
104, 0.999999987236, 1
105, 0.999999999975, 1
106, 1.0, 1
107, 1.0, 1
108, 1.0, 1
109, 1.0, 1
110, 1.0, 1
111, 1.0, 1
112, 1.0, 1
113, 1.0, 1
114, 1.0, 1
115, 1.0, 1
116, 1.0, 1
117, 1.0, 1
118, 1.0, 1
119, 1.0, 1
120, 1.0, 1
121, 1.0, 1
122, 1.0, 1
123, 1.0, 1
124, 1.0, 1
125, 1.0, 1
126, 1.0, 1
127, 1.0, 1
128, 1.0, 1
129, 0.999999999997, 1
130, 0.999999998062, 1
131, 0.999999596111, 1
132, 0.99996903798, 1
133, 0.999126824121, 1
134, 0.990941011767, 1
135, 0.965424921156, 1
136, 0.951454142045, 1
137, 0.974924667495, 1
138, 0.995235177373, 1
139, 0.999666917133, 1
140, 0.99999143429, 1
141, 0.999999918964, 1
142, 0.999999999718, 1
143, 1.0, 1
144, 1.0, 1
145, 1.0, 1
146, 1.0, 1
147, 1.0, 1
148, 1.0, 1
149, 1.0, 1
150, 1.0, 1
151, 1.0, 1
152, 1.0, 1
153, 1.0, 1
154, 1.0, 1
155, 1.0, 1
156, 1.0, 1
157, 1.0, 1
158, 1.0, 1
159, 1.0, 1
160, 1.0, 1
161, 1.0, 1
162, 1.0, 1
163, 1.0, 1
164, 1.0, 1
165, 1.0, 1
166, 1.0, 1
167, 1.0, 1
168, 1.0, 1
169, 1.0, 1
170, 1.0, 1
171, 1.0, 1
172, 1.0, 1
173, 1.0, 1
174, 1.0, 1
175, 1.0, 1
176, 1.0, 1
177, 1.0, 1
178, 1.0, 1
179, 1.0, 1
180, 1.0, 1
181, 1.0, 1
182, 1.0, 1
183, 1.0, 1
184, 1.0, 1
185, 1.0, 1
186, 1.0, 1
187, 1.0, 1
188, 1.0, 1
189, 1.0, 1
190, 1.0, 1
191, 1.0, 1
192, 1.0, 1
193, 1.0, 1
194, 1.0, 1
195, 1.0, 1
196, 1.0, 1
197, 1.0, 1
198, 1.0, 1
199, 1.0, 1
200, 1.0, 1
201, 1.0, 1
202, 1.0, 1
203, 1.0, 1
204, 1.0, 1
205, 1.0, 1
206, 1.0, 1
207, 1.0, 1
208, 1.0, 1
209, 1.0, 1
210, 1.0, 1
211, 1.0, 1
212, 1.0, 1
213, 1.0, 1
214, 1.0, 1
215, 1.0, 1
216, 1.0, 1
217, 1.0, 1
218, 1.0, 1
219, 1.0, 1
220, 1.0, 1
221, 1.0, 1
222, 1.0, 1
223, 1.0, 1
224, 1.0, 1
225, 1.0, 1
226, 1.0, 1
227, 1.0, 1
228, 1.0, 1
229, 1.0, 1
230, 1.0, 1
231, 1.0, 1
232, 1.0, 1
233, 1.0, 1
234, 1.0, 1
235, 1.0, 1
236, 1.0, 1
237, 1.0, 1
238, 1.0, 1
239, 1.0, 1
240, 1.0, 1
241, 1.0, 1
242, 1.0, 1
243, 1.0, 1
244, 0.999999999995, 1
245, 0.999999996352, 1
246, 0.999998921863, 1
247, 0.999882783197, 1
248, 0.995311744811, 1
249, 0.931017626474, 1
250, 0.626603242895, 1
251, 0.256452926879, 1
252, 0.455306850729, 1
253, 0.853208510992, 1
254, 0.985446905256, 1
0, 1.0, 2
1, 1.0, 2
2, 1.0, 2
3, 1.0, 2
4, 1.0, 2
5, 1.0, 2
6, 1.0, 2
7, 1.0, 2
8, 1.0, 2
9, 1.0, 2
10, 1.0, 2
11, 1.0, 2
12, 1.0, 2
13, 1.0, 2
14, 1.0, 2
15, 1.0, 2
16, 1.0, 2
17, 1.0, 2
18, 1.0, 2
19, 1.0, 2
20, 1.0, 2
21, 1.0, 2
22, 1.0, 2
23, 1.0, 2
24, 1.0, 2
25, 1.0, 2
26, 1.0, 2
27, 1.0, 2
28, 1.0, 2
29, 1.0, 2
30, 1.0, 2
31, 1.0, 2
32, 1.0, 2
33, 1.0, 2
34, 1.0, 2
35, 1.0, 2
36, 1.0, 2
37, 1.0, 2
38, 1.0, 2
39, 1.0, 2
40, 1.0, 2
41, 1.0, 2
42, 1.0, 2
43, 1.0, 2
44, 1.0, 2
45, 1.0, 2
46, 1.0, 2
47, 1.0, 2
48, 1.0, 2
49, 1.0, 2
50, 1.0, 2
51, 1.0, 2
52, 1.0, 2
53, 1.0, 2
54, 1.0, 2
55, 1.0, 2
56, 1.0, 2
57, 1.0, 2
58, 1.0, 2
59, 1.0, 2
60, 1.0, 2
61, 1.0, 2
62, 1.0, 2
63, 1.0, 2
64, 1.0, 2
65, 1.0, 2
66, 1.0, 2
67, 1.0, 2
68, 1.0, 2
69, 1.0, 2
70, 1.0, 2
71, 1.0, 2
72, 1.0, 2
73, 1.0, 2
74, 1.0, 2
75, 1.0, 2
76, 1.0, 2
77, 1.0, 2
78, 1.0, 2
79, 1.0, 2
80, 0.999999999984, 2
81, 0.999999988883, 2
82, 0.999997163896, 2
83, 0.999733829404, 2
84, 0.99081025338, 2
85, 0.883278055242, 2
86, 0.454610200808, 2
87, 0.062509177975, 2
88, 0.407166745923, 2
89, 0.862087507721, 2
90, 0.98819733243, 2
91, 0.999628411503, 2
92, 0.999995696222, 2
93, 0.999999981662, 2
94, 0.999999999971, 2
95, 1.0, 2
96, 1.0, 2
97, 1.0, 2
98, 1.0, 2
99, 1.0, 2
100, 1.0, 2
101, 1.0, 2
102, 1.0, 2
103, 1.0, 2
104, 1.0, 2
105, 1.0, 2
106, 1.0, 2
107, 1.0, 2
108, 1.0, 2
109, 1.0, 2
110, 1.0, 2
111, 1.0, 2
112, 1.0, 2
113, 1.0, 2
114, 1.0, 2
115, 1.0, 2
116, 1.0, 2
117, 1.0, 2
118, 1.0, 2
119, 1.0, 2
120, 1.0, 2
121, 1.0, 2
122, 1.0, 2
123, 1.0, 2
124, 1.0, 2
125, 1.0, 2
126, 1.0, 2
127, 1.0, 2
128, 1.0, 2
129, 1.0, 2
130, 1.0, 2
131, 1.0, 2
132, 1.0, 2
133, 1.0, 2
134, 1.0, 2
135, 1.0, 2
136, 1.0, 2
137, 1.0, 2
138, 1.0, 2
139, 1.0, 2
140, 1.0, 2
141, 1.0, 2
142, 1.0, 2
143, 1.0, 2
144, 1.0, 2
145, 1.0, 2
146, 1.0, 2
147, 1.0, 2
148, 1.0, 2
149, 1.0, 2
150, 1.0, 2
151, 1.0, 2
152, 1.0, 2
153, 1.0, 2
154, 1.0, 2
155, 1.0, 2
156, 1.0, 2
157, 1.0, 2
158, 1.0, 2
159, 1.0, 2
160, 1.0, 2
161, 1.0, 2
162, 1.0, 2
163, 1.0, 2
164, 1.0, 2
165, 1.0, 2
166, 1.0, 2
167, 1.0, 2
168, 1.0, 2
169, 1.0, 2
170, 1.0, 2
171, 1.0, 2
172, 1.0, 2
173, 1.0, 2
174, 1.0, 2
175, 1.0, 2
176, 1.0, 2
177, 1.0, 2
178, 1.0, 2
179, 1.0, 2
180, 1.0, 2
181, 1.0, 2
182, 1.0, 2
183, 1.0, 2
184, 1.0, 2
185, 1.0, 2
186, 1.0, 2
187, 1.0, 2
188, 1.0, 2
189, 1.0, 2
190, 1.0, 2
191, 1.0, 2
192, 1.0, 2
193, 1.0, 2
194, 1.0, 2
195, 1.0, 2
196, 1.0, 2
197, 1.0, 2
198, 1.0, 2
199, 1.0, 2
200, 1.0, 2
201, 1.0, 2
202, 1.0, 2
203, 1.0, 2
204, 1.0, 2
205, 1.0, 2
206, 1.0, 2
207, 1.0, 2
208, 1.0, 2
209, 1.0, 2
210, 1.0, 2
211, 1.0, 2
212, 1.0, 2
213, 1.0, 2
214, 1.0, 2
215, 1.0, 2
216, 1.0, 2
217, 1.0, 2
218, 1.0, 2
219, 1.0, 2
220, 1.0, 2
221, 1.0, 2
222, 1.0, 2
223, 1.0, 2
224, 1.0, 2
225, 1.0, 2
226, 1.0, 2
227, 1.0, 2
228, 1.0, 2
229, 1.0, 2
230, 1.0, 2
231, 1.0, 2
232, 1.0, 2
233, 1.0, 2
234, 1.0, 2
235, 1.0, 2
236, 1.0, 2
237, 1.0, 2
238, 1.0, 2
239, 1.0, 2
240, 1.0, 2
241, 1.0, 2
242, 1.0, 2
243, 1.0, 2
244, 1.0, 2
245, 1.0, 2
246, 1.0, 2
247, 1.0, 2
248, 1.0, 2
249, 1.0, 2
250, 1.0, 2
251, 1.0, 2
252, 1.0, 2
253, 1.0, 2
254, 1.0, 2
0, 1.0, 3
1, 1.0, 3
2, 1.0, 3
3, 1.0, 3
4, 1.0, 3
5, 1.0, 3
6, 1.0, 3
7, 1.0, 3
8, 0.999999999992, 3
9, 0.999999993874, 3
10, 0.999998297448, 3
11, 0.999825925743, 3
12, 0.993452519467, 3
13, 0.909401835512, 3
14, 0.538820387356, 3
15, 0.136372785095, 3
16, 0.405039604862, 3
17, 0.849215981837, 3
18, 0.985941852813, 3
19, 0.999517823125, 3
20, 0.999993915986, 3
21, 0.999999971759, 3
22, 0.999999999952, 3
23, 1.0, 3
24, 1.0, 3
25, 1.0, 3
26, 1.0, 3
27, 1.0, 3
28, 1.0, 3
29, 1.0, 3
30, 1.0, 3
31, 1.0, 3
32, 1.0, 3
33, 1.0, 3
34, 1.0, 3
35, 1.0, 3
36, 1.0, 3
37, 1.0, 3
38, 1.0, 3
39, 1.0, 3
40, 1.0, 3
41, 1.0, 3
42, 1.0, 3
43, 1.0, 3
44, 1.0, 3
45, 1.0, 3
46, 1.0, 3
47, 1.0, 3
48, 1.0, 3
49, 1.0, 3
50, 1.0, 3
51, 1.0, 3
52, 1.0, 3
53, 1.0, 3
54, 1.0, 3
55, 1.0, 3
56, 1.0, 3
57, 1.0, 3
58, 1.0, 3
59, 1.0, 3
60, 1.0, 3
61, 1.0, 3
62, 1.0, 3
63, 1.0, 3
64, 1.0, 3
65, 1.0, 3
66, 1.0, 3
67, 0.999999999999, 3
68, 0.999999998968, 3
69, 0.999999612896, 3
70, 0.999946560475, 3
71, 0.997286045597, 3
72, 0.949295322319, 3
73, 0.651503016013, 3
74, 0.118838447187, 3
75, 0.180370514592, 3
76, 0.719530832629, 3
77, 0.964693213193, 3
78, 0.99836492837, 3
79, 0.999972143832, 3
80, 0.999999807222, 3
81, 0.999996044273, 3
82, 0.99968362112, 3
83, 0.990690242615, 3
84, 0.899219905579, 3
85, 0.598656090682, 3
86, 0.412017892629, 3
87, 0.683103777452, 3
88, 0.937168774236, 3
89, 0.99541710908, 3
90, 0.99987702721, 3
91, 0.999998786097, 3
92, 0.999999995592, 3
93, 0.999999999994, 3
94, 1.0, 3
95, 1.0, 3
96, 1.0, 3
97, 1.0, 3
98, 1.0, 3
99, 0.999999999979, 3
100, 0.999999985727, 3
101, 0.99999644314, 3
102, 0.99967243204, 3
103, 0.988853356444, 3
104, 0.861848277428, 3
105, 0.409631725116, 3
106, 0.0927132238462, 3
107, 0.371674128499, 3
108, 0.829112508909, 3
109, 0.984103629506, 3
110, 0.999466255326, 3
111, 0.999993333983, 3
112, 0.999999968923, 3
113, 0.999999999946, 3
114, 1.0, 3
115, 0.999999999697, 3
116, 0.999999861337, 3
117, 0.999976279544, 3
118, 0.998479825132, 3
119, 0.963696972351, 3
120, 0.695495693219, 3
121, 0.184092097022, 3
122, 0.0391125295004, 3
123, 0.399914104064, 3
124, 0.874906580558, 3
125, 0.990135149686, 3
126, 0.982924099568, 3
127, 0.911321557123, 3
128, 0.828406414545, 3
129, 0.877848487587, 3
130, 0.968010888216, 3
131, 0.996918153294, 3
132, 0.999890774158, 3
133, 0.999998575884, 3
134, 0.999999993167, 3
135, 0.999999998315, 3
136, 0.999999462245, 3
137, 0.999936401328, 3
138, 0.997232947261, 3
139, 0.955711359773, 3
140, 0.739220904602, 3
141, 0.435116719609, 3
142, 0.549857327869, 3
143, 0.868038523279, 3
144, 0.985768533094, 3
145, 0.999435378144, 3
146, 0.999991759165, 3
147, 0.999999955752, 3
148, 0.999999999913, 3
149, 1.0, 3
150, 1.0, 3
151, 1.0, 3
152, 1.0, 3
153, 1.0, 3
154, 1.0, 3
155, 1.0, 3
156, 1.0, 3
157, 1.0, 3
158, 1.0, 3
159, 1.0, 3
160, 1.0, 3
161, 1.0, 3
162, 1.0, 3
163, 1.0, 3
164, 1.0, 3
165, 1.0, 3
166, 1.0, 3
167, 1.0, 3
168, 1.0, 3
169, 1.0, 3
170, 1.0, 3
171, 1.0, 3
172, 1.0, 3
173, 1.0, 3
174, 1.0, 3
175, 1.0, 3
176, 1.0, 3
177, 1.0, 3
178, 1.0, 3
179, 1.0, 3
180, 1.0, 3
181, 1.0, 3
182, 1.0, 3
183, 1.0, 3
184, 1.0, 3
185, 1.0, 3
186, 1.0, 3
187, 1.0, 3
188, 1.0, 3
189, 1.0, 3
190, 1.0, 3
191, 1.0, 3
192, 1.0, 3
193, 1.0, 3
194, 1.0, 3
195, 1.0, 3
196, 1.0, 3
197, 1.0, 3
198, 1.0, 3
199, 1.0, 3
200, 1.0, 3
201, 1.0, 3
202, 1.0, 3
203, 1.0, 3
204, 1.0, 3
205, 1.0, 3
206, 1.0, 3
207, 1.0, 3
208, 1.0, 3
209, 0.999999999965, 3
210, 0.999999985174, 3
211, 0.999997675789, 3
212, 0.999865948235, 3
213, 0.997153599603, 3
214, 0.977657175719, 3
215, 0.933478402818, 3
216, 0.912689956589, 3
217, 0.918785091792, 3
218, 0.941641020111, 3
219, 0.980250293359, 3
220, 0.997429805198, 3
221, 0.999876078095, 3
222, 0.999997799601, 3
223, 0.999999985306, 3
224, 0.999999909737, 3
225, 0.999990580548, 3
226, 0.999638248004, 3
227, 0.994889048282, 3
228, 0.97343570577, 3
229, 0.949205355061, 3
230, 0.964083120621, 3
231, 0.984412332635, 3
232, 0.922250620299, 3
233, 0.659219240869, 3
234, 0.436396628602, 3
235, 0.545561769071, 3
236, 0.440163784148, 3
237, 0.448054937648, 3
238, 0.788553081136, 3
239, 0.970093489327, 3
240, 0.99844307368, 3
241, 0.999970180604, 3
242, 0.999999789885, 3
243, 0.999999992558, 3
244, 0.999998228259, 3
245, 0.99983170652, 3
246, 0.994050978814, 3
247, 0.921050037972, 3
248, 0.612307651762, 3
249, 0.297166738667, 3
250, 0.373407133328, 3
251, 0.713680265732, 3
252, 0.933364534194, 3
253, 0.87891231062, 3
254, 0.702514490843, 3
0, 1.0, 4
1, 1.0, 4
2, 1.0, 4
3, 1.0, 4
4, 1.0, 4
5, 1.0, 4
6, 1.0, 4
7, 1.0, 4
8, 1.0, 4
9, 1.0, 4
10, 1.0, 4
11, 1.0, 4
12, 1.0, 4
13, 1.0, 4
14, 0.999999999993, 4
15, 0.99999999536, 4
16, 0.999998929339, 4
17, 0.999909124565, 4
18, 0.99716243091, 4
19, 0.967404917976, 4
20, 0.862256344105, 4
21, 0.785654635723, 4
22, 0.870052219732, 4
23, 0.878662744961, 4
24, 0.583810880063, 4
25, 0.354057183043, 4
26, 0.630175781854, 4
27, 0.92210406592, 4
28, 0.993964125988, 4
29, 0.999827943505, 4
30, 0.999998195705, 4
31, 0.999999993039, 4
32, 0.99999999999, 4
33, 1.0, 4
34, 1.0, 4
35, 1.0, 4
36, 1.0, 4
37, 1.0, 4
38, 1.0, 4
39, 1.0, 4
40, 1.0, 4
41, 1.0, 4
42, 1.0, 4
43, 1.0, 4
44, 1.0, 4
45, 0.999999999999, 4
46, 0.999999998894, 4
47, 0.999999587507, 4
48, 0.999943401945, 4
49, 0.997143117673, 4
50, 0.94694959327, 4
51, 0.637597986867, 4
52, 0.0892524676944, 4
53, 0.158002265537, 4
54, 0.713628785848, 4
55, 0.964169463023, 4
56, 0.998350764058, 4
57, 0.999972073418, 4
58, 0.999999826036, 4
59, 0.999999999601, 4
60, 1.0, 4
61, 1.0, 4
62, 1.0, 4
63, 1.0, 4
64, 1.0, 4
65, 1.0, 4
66, 1.0, 4
67, 1.0, 4
68, 1.0, 4
69, 1.0, 4
70, 1.0, 4
71, 1.0, 4
72, 1.0, 4
73, 1.0, 4
74, 1.0, 4
75, 1.0, 4
76, 0.999999999991, 4
77, 0.999999993922, 4
78, 0.999998403001, 4
79, 0.999845631263, 4
80, 0.994510665737, 4
81, 0.928189901556, 4
82, 0.654413407467, 4
83, 0.388165775998, 4
84, 0.601511108707, 4
85, 0.904514114891, 4
86, 0.991258851204, 4
87, 0.995037387589, 4
88, 0.973020293465, 4
89, 0.903597139905, 4
90, 0.636455929041, 4
91, 0.1767614234, 4
92, 0.246724414318, 4
93, 0.743580460926, 4
94, 0.968238860939, 4
95, 0.998556935108, 4
96, 0.999975855957, 4
97, 0.999999851239, 4
98, 0.999999999663, 4
99, 1.0, 4
100, 1.0, 4
101, 1.0, 4
102, 1.0, 4
103, 1.0, 4
104, 1.0, 4
105, 1.0, 4
106, 1.0, 4
107, 1.0, 4
108, 1.0, 4
109, 1.0, 4
110, 1.0, 4
111, 1.0, 4
112, 1.0, 4
113, 1.0, 4
114, 1.0, 4
115, 1.0, 4
116, 1.0, 4
117, 1.0, 4
118, 1.0, 4
119, 1.0, 4
120, 1.0, 4
121, 1.0, 4
122, 0.999999999998, 4
123, 0.999999998664, 4
124, 0.999999726844, 4
125, 0.999979461862, 4
126, 0.99943191037, 4
127, 0.994219330067, 4
128, 0.978360610639, 4
129, 0.970199925614, 4
130, 0.984902841552, 4
131, 0.997186294781, 4
132, 0.999807084334, 4
133, 0.999995134114, 4
134, 0.999999954665, 4
135, 0.999999915688, 4
136, 0.99998590526, 4
137, 0.999131587216, 4
138, 0.98031656564, 4
139, 0.835872610209, 4
140, 0.496537918218, 4
141, 0.43185656867, 4
142, 0.764139762931, 4
143, 0.963978859645, 4
144, 0.997968736098, 4
145, 0.999445505199, 4
146, 0.987093457683, 4
147, 0.880476928507, 4
148, 0.592798230068, 4
149, 0.489644158646, 4
150, 0.764689102163, 4
151, 0.96008680352, 4
152, 0.997509442934, 4
153, 0.999942828182, 4
154, 0.999999517184, 4
155, 0.999999992086, 4
156, 0.999998420502, 4
157, 0.999856917261, 4
158, 0.995231723722, 4
159, 0.941542384622, 4
160, 0.736350896884, 4
161, 0.562561484401, 4
162, 0.732998772405, 4
163, 0.94004643463, 4
164, 0.995047525018, 4
165, 0.999849500491, 4
166, 0.999998317507, 4
167, 0.99999999308, 4
168, 0.99999999999, 4
169, 1.0, 4
170, 1.0, 4
171, 1.0, 4
172, 1.0, 4
173, 1.0, 4
174, 1.0, 4
175, 1.0, 4
176, 1.0, 4
177, 1.0, 4
178, 1.0, 4
179, 1.0, 4
180, 1.0, 4
181, 1.0, 4
182, 1.0, 4
183, 1.0, 4
184, 1.0, 4
185, 1.0, 4
186, 1.0, 4
187, 1.0, 4
188, 1.0, 4
189, 1.0, 4
190, 1.0, 4
191, 1.0, 4
192, 1.0, 4
193, 1.0, 4
194, 1.0, 4
195, 1.0, 4
196, 1.0, 4
197, 1.0, 4
198, 1.0, 4
199, 1.0, 4
200, 1.0, 4
201, 1.0, 4
202, 1.0, 4
203, 1.0, 4
204, 1.0, 4
205, 1.0, 4
206, 1.0, 4
207, 1.0, 4
208, 1.0, 4
209, 1.0, 4
210, 1.0, 4
211, 1.0, 4
212, 1.0, 4
213, 1.0, 4
214, 1.0, 4
215, 1.0, 4
216, 1.0, 4
217, 1.0, 4
218, 1.0, 4
219, 1.0, 4
220, 1.0, 4
221, 0.999999999966, 4
222, 0.999999982184, 4
223, 0.999996596826, 4
224, 0.999760850192, 4
225, 0.993817538578, 4
226, 0.941202574323, 4
227, 0.794287478916, 4
228, 0.735230070617, 4
229, 0.874633324114, 4
230, 0.97816259243, 4
231, 0.99860065253, 4
232, 0.999967012031, 4
233, 0.999999713918, 4
234, 0.999999999045, 4
235, 0.99999997611, 4
236, 0.999994964664, 4
237, 0.99960761898, 4
238, 0.988696267252, 4
239, 0.881000356573, 4
240, 0.556894212534, 4
241, 0.384575634932, 4
242, 0.64252539282, 4
243, 0.921788856784, 4
244, 0.993917997707, 4
245, 0.999825949946, 4
246, 0.999998140314, 4
247, 0.999999992571, 4
248, 0.999999999989, 4
249, 1.0, 4
250, 1.0, 4
251, 1.0, 4
252, 1.0, 4
253, 1.0, 4
254, 1.0, 4
0, 1.0, 5
1, 1.0, 5
2, 1.0, 5
3, 1.0, 5
4, 1.0, 5
5, 1.0, 5
6, 0.99999999998, 5
7, 0.999999986844, 5
8, 0.999996807892, 5
9, 0.99971507141, 5
10, 0.990643788346, 5
11, 0.886976288368, 5
12, 0.497721474475, 5
13, 0.178844938277, 5
14, 0.506131580534, 5
15, 0.890729518755, 5
16, 0.991105941663, 5
17, 0.999733680719, 5
18, 0.999997066333, 5
19, 0.999999988112, 5
20, 0.999999999982, 5
21, 1.0, 5
22, 1.0, 5
23, 1.0, 5
24, 1.0, 5
25, 1.0, 5
26, 1.0, 5
27, 1.0, 5
28, 1.0, 5
29, 1.0, 5
30, 1.0, 5
31, 1.0, 5
32, 1.0, 5
33, 1.0, 5
34, 1.0, 5
35, 1.0, 5
36, 1.0, 5
37, 1.0, 5
38, 1.0, 5
39, 1.0, 5
40, 1.0, 5
41, 1.0, 5
42, 1.0, 5
43, 1.0, 5
44, 1.0, 5
45, 1.0, 5
46, 1.0, 5
47, 1.0, 5
48, 1.0, 5
49, 1.0, 5
50, 1.0, 5
51, 1.0, 5
52, 1.0, 5
53, 1.0, 5
54, 1.0, 5
55, 1.0, 5
56, 1.0, 5
57, 1.0, 5
58, 1.0, 5
59, 1.0, 5
60, 1.0, 5
61, 1.0, 5
62, 1.0, 5
63, 1.0, 5
64, 1.0, 5
65, 1.0, 5
66, 1.0, 5
67, 1.0, 5
68, 0.999999999881, 5
69, 0.999999945722, 5
70, 0.999990918129, 5
71, 0.999440970671, 5
72, 0.987341000509, 5
73, 0.894544389684, 5
74, 0.676819227542, 5
75, 0.635643217837, 5
76, 0.848882862214, 5
77, 0.976942824843, 5
78, 0.998705792249, 5
79, 0.999973275634, 5
80, 0.999999796991, 5
81, 0.999999999433, 5
82, 0.999999999999, 5
83, 1.0, 5
84, 1.0, 5
85, 1.0, 5
86, 1.0, 5
87, 1.0, 5
88, 1.0, 5
89, 1.0, 5
90, 1.0, 5
91, 1.0, 5
92, 1.0, 5
93, 1.0, 5
94, 1.0, 5
95, 1.0, 5
96, 1.0, 5
97, 1.0, 5
98, 1.0, 5
99, 1.0, 5
100, 1.0, 5
101, 1.0, 5
102, 1.0, 5
103, 1.0, 5
104, 1.0, 5
105, 1.0, 5
106, 1.0, 5
107, 1.0, 5
108, 1.0, 5
109, 1.0, 5
110, 1.0, 5
111, 1.0, 5
112, 1.0, 5
113, 1.0, 5
114, 1.0, 5
115, 1.0, 5
116, 1.0, 5
117, 1.0, 5
118, 1.0, 5
119, 1.0, 5
120, 1.0, 5
121, 1.0, 5
122, 1.0, 5
123, 1.0, 5
124, 1.0, 5
125, 1.0, 5
126, 1.0, 5
127, 1.0, 5
128, 1.0, 5
129, 1.0, 5
130, 1.0, 5
131, 1.0, 5
132, 1.0, 5
133, 1.0, 5
134, 1.0, 5
135, 1.0, 5
136, 1.0, 5
137, 1.0, 5
138, 1.0, 5
139, 1.0, 5
140, 1.0, 5
141, 1.0, 5
142, 1.0, 5
143, 1.0, 5
144, 1.0, 5
145, 1.0, 5
146, 1.0, 5
147, 1.0, 5
148, 1.0, 5
149, 1.0, 5
150, 1.0, 5
151, 1.0, 5
152, 1.0, 5
153, 1.0, 5
154, 0.999999999999, 5
155, 0.999999999314, 5
156, 0.999999776848, 5
157, 0.999973299578, 5
158, 0.998824721921, 5
159, 0.980968690693, 5
160, 0.88662893634, 5
161, 0.751548408064, 5
162, 0.799656864213, 5
163, 0.938209179866, 5
164, 0.94756909756, 5
165, 0.689367229462, 5
166, 0.233350168682, 5
167, 0.303530323421, 5
168, 0.767237293347, 5
169, 0.971382604423, 5
170, 0.998705648197, 5
171, 0.999978463254, 5
172, 0.99999986817, 5
173, 0.999999999703, 5
174, 1.0, 5
175, 1.0, 5
176, 1.0, 5
177, 1.0, 5
178, 1.0, 5
179, 1.0, 5
180, 1.0, 5
181, 1.0, 5
182, 1.0, 5
183, 1.0, 5
184, 1.0, 5
185, 1.0, 5
186, 1.0, 5
187, 1.0, 5
188, 1.0, 5
189, 1.0, 5
190, 1.0, 5
191, 1.0, 5
192, 1.0, 5
193, 1.0, 5
194, 1.0, 5
195, 1.0, 5
196, 1.0, 5
197, 1.0, 5
198, 1.0, 5
199, 1.0, 5
200, 1.0, 5
201, 1.0, 5
202, 1.0, 5
203, 0.999999999972, 5
204, 0.999999982469, 5
205, 0.999995898289, 5
206, 0.999646952847, 5
207, 0.988820924889, 5
208, 0.869777942536, 5
209, 0.441955606226, 5
210, 0.120251643272, 5
211, 0.489784442249, 5
212, 0.891143479542, 5
213, 0.991456010277, 5
214, 0.999753298094, 5
215, 0.999997379466, 5
216, 0.99999998976, 5
217, 0.999999999985, 5
218, 1.0, 5
219, 1.0, 5
220, 1.0, 5
221, 1.0, 5
222, 1.0, 5
223, 1.0, 5
224, 1.0, 5
225, 1.0, 5
226, 1.0, 5
227, 1.0, 5
228, 1.0, 5
229, 1.0, 5
230, 1.0, 5
231, 1.0, 5
232, 1.0, 5
233, 1.0, 5
234, 1.0, 5
235, 1.0, 5
236, 1.0, 5
237, 1.0, 5
238, 1.0, 5
239, 1.0, 5
240, 1.0, 5
241, 1.0, 5
242, 1.0, 5
243, 1.0, 5
244, 1.0, 5
245, 1.0, 5
246, 1.0, 5
247, 1.0, 5
248, 1.0, 5
249, 1.0, 5
250, 1.0, 5
251, 1.0, 5
252, 1.0, 5
253, 1.0, 5
254, 1.0, 5
0, 1.0, 6
1, 1.0, 6
2, 1.0, 6
3, 1.0, 6
4, 1.0, 6
5, 1.0, 6
6, 1.0, 6
7, 1.0, 6
8, 0.999999999648, 6
9, 0.999999843484, 6
10, 0.999974398172, 6
11, 0.998459401653, 6
12, 0.965895366128, 6
13, 0.722257158873, 6
14, 0.167895493575, 6
15, 0.0828964122983, 6
16, 0.628152874254, 6
17, 0.944535387462, 6
18, 0.996956501752, 6
19, 0.999938562201, 6
20, 0.999999543749, 6
21, 0.999999998754, 6
22, 0.999999999999, 6
23, 1.0, 6
24, 1.0, 6
25, 1.0, 6
26, 1.0, 6
27, 1.0, 6
28, 1.0, 6
29, 1.0, 6
30, 1.0, 6
31, 0.999999999808, 6
32, 0.999999915916, 6
33, 0.999986425313, 6
34, 0.999193786543, 6
35, 0.982385278071, 6
36, 0.858418320911, 6
37, 0.581356990755, 6
38, 0.544607214019, 6
39, 0.817764086685, 6
40, 0.973172061202, 6
41, 0.998547065072, 6
42, 0.999971052535, 6
43, 0.999999787832, 6
44, 0.999999999428, 6
45, 0.999999999999, 6
46, 1.0, 6
47, 1.0, 6
48, 1.0, 6
49, 1.0, 6
50, 1.0, 6
51, 1.0, 6
52, 1.0, 6
53, 1.0, 6
54, 1.0, 6
55, 1.0, 6
56, 1.0, 6
57, 1.0, 6
58, 1.0, 6
59, 1.0, 6
60, 1.0, 6
61, 1.0, 6
62, 1.0, 6
63, 1.0, 6
64, 1.0, 6
65, 1.0, 6
66, 0.999999999995, 6
67, 0.999999996494, 6
68, 0.999999176376, 6
69, 0.999928825936, 6
70, 0.997737336746, 6
71, 0.973537942811, 6
72, 0.8861500612, 6
73, 0.819803016175, 6
74, 0.895077712273, 6
75, 0.977525320693, 6
76, 0.998228974666, 6
77, 0.999948659326, 6
78, 0.999999452475, 6
79, 0.999999997852, 6
80, 0.999999999997, 6
81, 1.0, 6
82, 1.0, 6
83, 1.0, 6
84, 1.0, 6
85, 1.0, 6
86, 1.0, 6
87, 1.0, 6
88, 1.0, 6
89, 1.0, 6
90, 1.0, 6
91, 1.0, 6
92, 1.0, 6
93, 1.0, 6
94, 1.0, 6
95, 1.0, 6
96, 1.0, 6
97, 1.0, 6
98, 1.0, 6
99, 1.0, 6
100, 1.0, 6
101, 1.0, 6
102, 1.0, 6
103, 1.0, 6
104, 1.0, 6
105, 1.0, 6
106, 1.0, 6
107, 1.0, 6
108, 1.0, 6
109, 1.0, 6
110, 0.99999999997, 6
111, 0.999999984214, 6
112, 0.99999694751, 6
113, 0.999782857699, 6
114, 0.994317491458, 6
115, 0.945293204408, 6
116, 0.806247205518, 6
117, 0.747558826091, 6
118, 0.879002074279, 6
119, 0.97866458094, 6
120, 0.998616019574, 6
121, 0.999966973372, 6
122, 0.999999710063, 6
123, 0.999999999064, 6
124, 0.999999999999, 6
125, 1.0, 6
126, 1.0, 6
127, 1.0, 6
128, 1.0, 6
129, 1.0, 6
130, 1.0, 6
131, 1.0, 6
132, 1.0, 6
133, 1.0, 6
134, 1.0, 6
135, 1.0, 6
136, 1.0, 6
137, 1.0, 6
138, 1.0, 6
139, 0.999999999999, 6
140, 0.999999998697, 6
141, 0.999999577725, 6
142, 0.999949641424, 6
143, 0.997790687316, 6
144, 0.96434286463, 6
145, 0.78829006845, 6
146, 0.537574758793, 6
147, 0.628424261267, 6
148, 0.890160464888, 6
149, 0.988055291918, 6
150, 0.999522143043, 6
151, 0.99999296724, 6
152, 0.999999961923, 6
153, 0.999999999924, 6
154, 0.999999999462, 6
155, 0.999999819923, 6
156, 0.999977810577, 6
157, 0.998994137931, 6
158, 0.983226010517, 6
159, 0.897094207979, 6
160, 0.767753706924, 6
161, 0.807175026543, 6
162, 0.941104340709, 6
163, 0.993382273518, 6
164, 0.999726448024, 6
165, 0.999995840162, 6
166, 0.999999976729, 6
167, 0.999999999952, 6
168, 1.0, 6
169, 1.0, 6
170, 1.0, 6
171, 1.0, 6
172, 1.0, 6
173, 1.0, 6
174, 1.0, 6
175, 1.0, 6
176, 1.0, 6
177, 1.0, 6
178, 1.0, 6
179, 1.0, 6
180, 1.0, 6
181, 1.0, 6
182, 1.0, 6
183, 1.0, 6
184, 1.0, 6
185, 1.0, 6
186, 1.0, 6
187, 1.0, 6
188, 1.0, 6
189, 1.0, 6
190, 1.0, 6
191, 1.0, 6
192, 1.0, 6
193, 1.0, 6
194, 1.0, 6
195, 1.0, 6
196, 1.0, 6
197, 1.0, 6
198, 1.0, 6
199, 1.0, 6
200, 1.0, 6
201, 1.0, 6
202, 1.0, 6
203, 1.0, 6
204, 1.0, 6
205, 1.0, 6
206, 1.0, 6
207, 1.0, 6
208, 1.0, 6
209, 1.0, 6
210, 1.0, 6
211, 1.0, 6
212, 1.0, 6
213, 1.0, 6
214, 1.0, 6
215, 1.0, 6
216, 1.0, 6
217, 1.0, 6
218, 1.0, 6
219, 1.0, 6
220, 1.0, 6
221, 1.0, 6
222, 1.0, 6
223, 1.0, 6
224, 1.0, 6
225, 1.0, 6
226, 1.0, 6
227, 1.0, 6
228, 1.0, 6
229, 1.0, 6
230, 1.0, 6
231, 1.0, 6
232, 1.0, 6
233, 1.0, 6
234, 1.0, 6
235, 1.0, 6
236, 1.0, 6
237, 1.0, 6
238, 1.0, 6
239, 1.0, 6
240, 1.0, 6
241, 1.0, 6
242, 1.0, 6
243, 1.0, 6
244, 1.0, 6
245, 1.0, 6
246, 1.0, 6
247, 1.0, 6
248, 1.0, 6
249, 1.0, 6
250, 1.0, 6
251, 1.0, 6
252, 1.0, 6
253, 1.0, 6
254, 1.0, 6
0, 0.559677625644, 7
1, 0.713405543257, 7
2, 0.931376899509, 7
3, 0.993955249158, 7
4, 0.999804119127, 7
5, 0.999997652778, 7
6, 0.999996986778, 7
7, 0.99972563937, 7
8, 0.990778607943, 7
9, 0.885981131385, 7
10, 0.481364207021, 7
11, 0.13213182629, 7
12, 0.465742586883, 7
13, 0.879009054747, 7
14, 0.98991999609, 7
15, 0.999691060066, 7
16, 0.999996516684, 7
17, 0.999999985552, 7
18, 0.999999999978, 7
19, 1.0, 7
20, 1.0, 7
21, 1.0, 7
22, 1.0, 7
23, 1.0, 7
24, 1.0, 7
25, 1.0, 7
26, 0.99999999985, 7
27, 0.999999929041, 7
28, 0.999987627404, 7
29, 0.999206372184, 7
30, 0.981272559144, 7
31, 0.837428090988, 7
32, 0.480819831665, 7
33, 0.390047237727, 7
34, 0.736379106263, 7
35, 0.958085037615, 7
36, 0.997546336427, 7
37, 0.999814685776, 7
38, 0.996748590455, 7
39, 0.970560000421, 7
40, 0.898006343327, 7
41, 0.815483092159, 7
42, 0.578200423328, 7
43, 0.251675132362, 7
44, 0.473666733608, 7
45, 0.863525869509, 7
46, 0.986977568423, 7
47, 0.999542842325, 7
48, 0.999994095975, 7
49, 0.99999997195, 7
50, 0.999999999951, 7
51, 0.999999999981, 7
52, 0.999999988031, 7
53, 0.999997277816, 7
54, 0.999772229409, 7
55, 0.992988945854, 7
56, 0.920608407711, 7
57, 0.669271804302, 7
58, 0.493157004563, 7
59, 0.714253319197, 7
60, 0.940735522758, 7
61, 0.995478180321, 7
62, 0.999873077815, 7
63, 0.999998689408, 7
64, 0.999999995021, 7
65, 0.999999999993, 7
66, 1.0, 7
67, 1.0, 7
68, 1.0, 7
69, 0.999999999814, 7
70, 0.999999920546, 7
71, 0.999987497215, 7
72, 0.999276181195, 7
73, 0.984576260974, 7
74, 0.878581562381, 7
75, 0.639000479659, 7
76, 0.509338384502, 7
77, 0.267432341351, 7
78, 0.0941236835438, 7
79, 0.44551993954, 7
80, 0.399956893488, 7
81, 0.438312658793, 7
82, 0.796158295226, 7
83, 0.969134094194, 7
84, 0.990613102491, 7
85, 0.989778190589, 7
86, 0.93039891134, 7
87, 0.584249082495, 7
88, 0.0651400680101, 7
89, 0.226469076133, 7
90, 0.763776260317, 7
91, 0.954766716746, 7
92, 0.861509233331, 7
93, 0.640781690556, 7
94, 0.654915899355, 7
95, 0.877912217539, 7
96, 0.978612449577, 7
97, 0.921202462209, 7
98, 0.600775391343, 7
99, 0.249275358808, 7
100, 0.480652251991, 7
101, 0.867827420774, 7
102, 0.987625425888, 7
103, 0.999572014479, 7
104, 0.999843321387, 7
105, 0.995258928073, 7
106, 0.945339297263, 7
107, 0.768163564977, 7
108, 0.638262371112, 7
109, 0.792359911958, 7
110, 0.956153335202, 7
111, 0.996561490967, 7
112, 0.998323789702, 7
113, 0.971756595275, 7
114, 0.814167936764, 7
115, 0.550173493339, 7
116, 0.599433188577, 7
117, 0.868776867259, 7
118, 0.984185649575, 7
119, 0.999298871098, 7
120, 0.999988530693, 7
121, 0.999992916881, 7
122, 0.99946680314, 7
123, 0.985089805914, 7
124, 0.84661437803, 7
125, 0.419514301003, 7
126, 0.191827783687, 7
127, 0.586074840034, 7
128, 0.922008862839, 7
129, 0.994594022944, 7
130, 0.9998621494, 7
131, 0.999998706851, 7
132, 0.999999995537, 7
133, 0.999999999994, 7
134, 0.999999999885, 7
135, 0.999999941283, 7
136, 0.999989010251, 7
137, 0.999243311895, 7
138, 0.980833114373, 7
139, 0.821395780861, 7
140, 0.387737874773, 7
141, 0.227873259289, 7
142, 0.64178372758, 7
143, 0.938862518373, 7
144, 0.996161378438, 7
145, 0.999911335688, 7
146, 0.999999220055, 7
147, 0.999995356122, 7
148, 0.999693471886, 7
149, 0.99224968322, 7
150, 0.924242432112, 7
151, 0.710304300322, 7
152, 0.487880680464, 7
153, 0.34897851093, 7
154, 0.397795392887, 7
155, 0.764789980197, 7
156, 0.96574737715, 7
157, 0.998147215104, 7
158, 0.999963006063, 7
159, 0.999999728035, 7
160, 0.999999999264, 7
161, 0.999999999999, 7
162, 1.0, 7
163, 0.999999999979, 7
164, 0.999999986955, 7
165, 0.999997043266, 7
166, 0.999753324048, 7
167, 0.992413273407, 7
168, 0.913553434912, 7
169, 0.632553867051, 7
170, 0.401917586553, 7
171, 0.503603880603, 7
172, 0.726506176227, 7
173, 0.928363079891, 7
174, 0.992482299204, 7
175, 0.999699986532, 7
176, 0.9999955522, 7
177, 0.99999997568, 7
178, 0.999999999951, 7
179, 1.0, 7
180, 1.0, 7
181, 1.0, 7
182, 1.0, 7
183, 1.0, 7
184, 1.0, 7
185, 1.0, 7
186, 1.0, 7
187, 1.0, 7
188, 1.0, 7
189, 1.0, 7
190, 1.0, 7
191, 1.0, 7
192, 1.0, 7
193, 1.0, 7
194, 1.0, 7
195, 1.0, 7
196, 1.0, 7
197, 0.999999999987, 7
198, 0.999999990838, 7
199, 0.999997595534, 7
200, 0.99976785431, 7
201, 0.991754668896, 7
202, 0.892263938928, 7
203, 0.482131369665, 7
204, 0.0842358582056, 7
205, 0.404264909234, 7
206, 0.857429425578, 7
207, 0.987386091028, 7
208, 0.997294481152, 7
209, 0.968697957093, 7
210, 0.837240509174, 7
211, 0.644767533782, 7
212, 0.533013800946, 7
213, 0.568380342346, 7
214, 0.822664968397, 7
215, 0.972355198322, 7
216, 0.998397489977, 7
217, 0.999965724907, 7
218, 0.999999730136, 7
219, 0.999999999218, 7
220, 0.999999999999, 7
221, 1.0, 7
222, 1.0, 7
223, 1.0, 7
224, 1.0, 7
225, 1.0, 7
226, 1.0, 7
227, 1.0, 7
228, 1.0, 7
229, 1.0, 7
230, 1.0, 7
231, 1.0, 7
232, 1.0, 7
233, 1.0, 7
234, 1.0, 7
235, 1.0, 7
236, 1.0, 7
237, 0.99999999975, 7
238, 0.999999890634, 7
239, 0.999982418519, 7
240, 0.998960235927, 7
241, 0.977378589117, 7
242, 0.818945181557, 7
243, 0.466903286932, 7
244, 0.42255914322, 7
245, 0.769882485146, 7
246, 0.96530715174, 7
247, 0.983189882484, 7
248, 0.916622100029, 7
249, 0.829695043992, 7
250, 0.868998622167, 7
251, 0.940505236324, 7
252, 0.934066718322, 7
253, 0.942442596985, 7
254, 0.980605708523, 7
