      0.00000      -2559.7933
      1.00000      -1780.1988
      2.00000      -936.20527
      3.00000      -422.37811
      4.00000      -141.31593
      5.00000       59.232311
      6.00000       193.48950
      7.00000       260.81236
      8.00000       370.40463
      9.00000       510.65309
      10.0000       560.36470
      11.0000       629.87730
      12.0000       675.29729
      13.0000       728.26742
      14.0000       752.09234
      15.0000       784.51812
      16.0000       814.63168
      17.0000       850.36893
      18.0000       908.31458
      19.0000       879.44194
      20.0000       880.80823
      21.0000       872.84886
      22.0000       898.44089
      23.0000       794.27434
      24.0000       748.49307
      25.0000       734.12303
      26.0000       687.46228
      27.0000       558.92316
      28.0000       454.02953
      29.0000       462.16566
      30.0000       365.35859
      31.0000       338.45390
      32.0000       285.68446
      33.0000       227.72338
      34.0000       162.37903
      35.0000       112.03047
      36.0000       4.1614708
      37.0000      -81.301944
      38.0000      -168.36073
      39.0000      -274.00602
      40.0000      -355.15262
      41.0000      -394.47876
      42.0000      -520.49696
      43.0000      -569.71362
      44.0000      -618.65380
      45.0000      -774.70046
      46.0000      -981.97813
      47.0000      -1106.1063
      48.0000      -1296.2870
      49.0000      -1465.2530
      50.0000      -1734.4242
      51.0000      -2040.9609
      52.0000      -2393.2662
      53.0000      -2552.6100
      54.0000      -2305.9146
      55.0000      -2190.8106
      56.0000      -2191.2714
      57.0000      -2172.8557
      58.0000      -2262.4550
      59.0000      -2251.2700
      60.0000      -2394.2995
      61.0000      -2396.9360
      62.0000      -2310.1457
      63.0000      -2190.1006
      64.0000      -2288.2798
      65.0000      -2509.2507
      66.0000      -2786.6411
      67.0000      -2921.9784
      68.0000      -2973.5170
      69.0000      -3138.3557
      70.0000      -3550.0814
      71.0000      -3867.2795
      72.0000      -4524.3412
      73.0000      -5103.2601
      74.0000      -5528.8458
      75.0000      -5905.6526
      76.0000      -6610.8939
      77.0000      -7788.5853
      78.0000      -8404.2910
      79.0000      -7936.0300
      80.0000      -7673.5528
      81.0000      -8452.8801
      82.0000      -10404.118
      83.0000      -11745.219
      84.0000      -11454.859
      85.0000      -11676.802
      86.0000      -13452.106
      87.0000      -16367.701
      88.0000      -18879.104
      89.0000      -19371.417
      90.0000      -17744.367
      91.0000      -16725.817
      92.0000      -19346.594
      93.0000      -20764.524
      94.0000      -18837.318
      95.0000      -17903.646
      96.0000      -18648.838
      97.0000      -18333.604
      98.0000      -17496.575
      99.0000      -16307.688
      100.000      -15953.696
      101.000      -16248.124
      102.000      -19983.266
      103.000      -21443.063
      104.000      -19796.028
      105.000      -18722.905
      106.000      -17044.378
      107.000      -16791.666
      108.000      -19325.989
      109.000      -18813.137
      110.000      -17396.350
      111.000      -17824.807
      112.000      -19296.625
      113.000      -19455.321
      114.000      -20991.588
      115.000      -21647.245
      116.000      -19875.386
      117.000      -18854.698
      118.000      -18814.599
      119.000      -18426.121
      120.000      -18349.838
      121.000      -17605.671
      122.000      -17158.638
      123.000      -16080.276
      124.000      -15201.802
      125.000      -14623.627
      126.000      -15344.438
      127.000      -17294.929
      128.000      -21837.592
      129.000      -24486.658
      130.000      -24928.199
      131.000      -26105.973
      132.000      -26063.665
      133.000      -26837.580
      134.000      -33637.663
      135.000      -37584.938
      136.000      -32816.606
      137.000      -27306.763
      138.000      -23885.037
      139.000      -23125.128
      140.000      -24573.143
      141.000      -26282.399
      142.000      -24194.310
      143.000      -18242.557
      144.000      -13553.229
      145.000      -9652.1004
      146.000      -6750.3231
      147.000      -4739.7259
      148.000      -3528.0444
      149.000      -2826.5141
      150.000      -2525.4361
      151.000      -2263.2482
      152.000      -2244.8820
      153.000      -2718.9004
      154.000      -3852.5192
      155.000      -4797.0286
      156.000      -6131.8693
      157.000      -8740.8840
      158.000      -11524.456
      159.000      -13319.535
      160.000      -16102.296
      161.000      -19364.504
      162.000      -21352.030
      163.000      -23265.650
      164.000      -27290.394
      165.000      -34034.052
      166.000      -46416.600
      167.000      -62382.304
      168.000      -71693.909
      169.000      -74243.724
      170.000      -77150.669
      171.000      -79900.516
      172.000      -77911.962
      173.000      -72240.351
      174.000      -66733.469
      175.000      -58663.731
      176.000      -50637.542
      177.000      -45058.231
      178.000      -40589.622
      179.000      -36114.652
      180.000      -32835.986
      181.000      -29508.926
      182.000      -27143.176
      183.000      -23040.854
      184.000      -17794.120
      185.000      -13991.968
      186.000      -11329.515
      187.000      -9738.2505
      188.000      -9539.3071
      189.000      -10770.966
      190.000      -12601.385
      191.000      -13559.171
      192.000      -14591.708
      193.000      -16241.567
      194.000      -18215.176
      195.000      -19859.305
      196.000      -21754.501
      197.000      -22950.795
      198.000      -24986.265
      199.000      -27154.390
      200.000      -29117.386
      201.000      -29657.154
      202.000      -29387.885
      203.000      -30312.344
      204.000      -32397.885
      205.000      -33039.929
      206.000      -34460.189
      207.000      -37436.953
      208.000      -40946.445
      209.000      -43639.336
      210.000      -45148.028
      211.000      -45415.197
      212.000      -47035.036
      213.000      -48024.404
      214.000      -49323.303
      215.000      -50318.904
      216.000      -50262.787
      217.000      -48255.260
      218.000      -47718.720
      219.000      -47205.932
      220.000      -47165.243
      221.000      -45880.545
      222.000      -44165.742
      223.000      -41504.252
      224.000      -39218.882
      225.000      -37351.365
      226.000      -36495.896
      227.000      -34423.367
      228.000      -31957.098
      229.000      -29613.160
      230.000      -28251.036
      231.000      -26527.438
      232.000      -25349.422
      233.000      -24786.032
      234.000      -24525.589
      235.000      -24233.151
      236.000      -24707.280
      237.000      -25341.519
      238.000      -25861.605
      239.000      -27215.613
      240.000      -28948.651
      241.000      -30636.177
      242.000      -32824.984
      243.000      -35244.826
      244.000      -37167.974
      245.000      -39269.538
      246.000      -41054.210
      247.000      -42428.985
      248.000      -43528.124
      249.000      -44714.305
      250.000      -45302.446
      251.000      -46313.735
      252.000      -47415.847
      253.000      -47619.365
      254.000      -47979.057
      255.000      -46936.276
