Fri, 23 Jul 2010 01:11:29 +0000
0, 1.0, 0
1, 1.0, 0
2, 1.0, 0
3, 1.0, 0
4, 1.0, 0
5, 1.0, 0
6, 1.0, 0
7, 1.0, 0
8, 1.0, 0
9, 1.0, 0
10, 1.0, 0
11, 1.0, 0
12, 1.0, 0
13, 1.0, 0
14, 1.0, 0
15, 1.0, 0
16, 1.0, 0
17, 1.0, 0
18, 1.0, 0
19, 1.0, 0
20, 1.0, 0
21, 1.0, 0
22, 1.0, 0
23, 1.0, 0
24, 1.0, 0
25, 1.0, 0
26, 1.0, 0
27, 1.0, 0
28, 1.0, 0
29, 1.0, 0
30, 1.0, 0
31, 1.0, 0
32, 1.0, 0
33, 1.0, 0
34, 1.0, 0
35, 1.0, 0
36, 1.0, 0
37, 1.0, 0
38, 1.0, 0
39, 1.0, 0
40, 1.0, 0
41, 1.0, 0
42, 1.0, 0
43, 1.0, 0
44, 1.0, 0
45, 1.0, 0
46, 1.0, 0
47, 1.0, 0
48, 1.0, 0
49, 1.0, 0
50, 1.0, 0
51, 1.0, 0
52, 1.0, 0
53, 1.0, 0
54, 1.0, 0
55, 1.0, 0
56, 1.0, 0
57, 1.0, 0
58, 1.0, 0
59, 1.0, 0
60, 1.0, 0
61, 1.0, 0
62, 1.0, 0
63, 1.0, 0
64, 1.0, 0
65, 1.0, 0
66, 1.0, 0
67, 1.0, 0
68, 1.0, 0
69, 1.0, 0
70, 1.0, 0
71, 1.0, 0
72, 1.0, 0
73, 1.0, 0
74, 1.0, 0
75, 1.0, 0
76, 1.0, 0
77, 1.0, 0
78, 1.0, 0
79, 1.0, 0
80, 1.0, 0
81, 1.0, 0
82, 1.0, 0
83, 1.0, 0
84, 1.0, 0
85, 1.0, 0
86, 1.0, 0
87, 1.0, 0
88, 1.0, 0
89, 1.0, 0
90, 1.0, 0
91, 1.0, 0
92, 1.0, 0
93, 1.0, 0
94, 1.0, 0
95, 1.0, 0
96, 1.0, 0
97, 1.0, 0
98, 1.0, 0
99, 1.0, 0
100, 1.0, 0
101, 1.0, 0
102, 1.0, 0
103, 1.0, 0
104, 1.0, 0
105, 1.0, 0
106, 1.0, 0
107, 1.0, 0
108, 1.0, 0
109, 1.0, 0
110, 1.0, 0
111, 1.0, 0
112, 1.0, 0
113, 1.0, 0
114, 1.0, 0
115, 1.0, 0
116, 1.0, 0
117, 1.0, 0
118, 1.0, 0
119, 1.0, 0
120, 1.0, 0
121, 1.0, 0
122, 1.0, 0
123, 1.0, 0
124, 1.0, 0
125, 1.0, 0
126, 1.0, 0
127, 1.0, 0
128, 1.0, 0
129, 1.0, 0
130, 1.0, 0
131, 1.0, 0
132, 1.0, 0
133, 1.0, 0
134, 1.0, 0
135, 1.0, 0
136, 1.0, 0
137, 1.0, 0
138, 1.0, 0
139, 1.0, 0
140, 1.0, 0
141, 1.0, 0
142, 1.0, 0
143, 1.0, 0
144, 1.0, 0
145, 1.0, 0
146, 1.0, 0
147, 1.0, 0
148, 1.0, 0
149, 1.0, 0
150, 1.0, 0
151, 1.0, 0
152, 1.0, 0
153, 1.0, 0
154, 1.0, 0
155, 1.0, 0
156, 1.0, 0
157, 1.0, 0
158, 1.0, 0
0, 1.0, 1
1, 1.0, 1
2, 1.0, 1
3, 1.0, 1
4, 1.0, 1
5, 1.0, 1
6, 1.0, 1
7, 1.0, 1
8, 1.0, 1
9, 0.99999999998, 1
10, 0.999999988162, 1
11, 0.999997445363, 1
12, 0.999797193043, 1
13, 0.994076882755, 1
14, 0.936347169247, 1
15, 0.747838969521, 1
16, 0.624651209419, 1
17, 0.724651790158, 1
18, 0.732626685222, 1
19, 0.787472918527, 1
20, 0.931564651936, 1
21, 0.991824149209, 1
22, 0.999640369511, 1
23, 0.999994180069, 1
24, 0.999999965351, 1
25, 0.999999999924, 1
26, 1.0, 1
27, 1.0, 1
28, 0.999999999913, 1
29, 0.999999962083, 1
30, 0.999993900406, 1
31, 0.999639024128, 1
32, 0.99214111504, 1
33, 0.937056743693, 1
34, 0.81454309811, 1
35, 0.7989785887, 1
36, 0.919841507916, 1
37, 0.988215366725, 1
38, 0.998837048341, 1
39, 0.996075908723, 1
40, 0.989354291673, 1
41, 0.989341424992, 1
42, 0.996074156885, 1
43, 0.999468048225, 1
44, 0.999973483445, 1
45, 0.999999513741, 1
46, 0.99999999672, 1
47, 0.999999999992, 1
48, 0.999999999992, 1
49, 0.999999993944, 1
50, 0.999998316462, 1
51, 0.999827839389, 1
52, 0.993523354751, 1
53, 0.910366172582, 1
54, 0.543648700777, 1
55, 0.145263678881, 1
56, 0.411060687173, 1
57, 0.850715592257, 1
58, 0.986079192362, 1
59, 0.999518591583, 1
60, 0.999693171878, 1
61, 0.991377153041, 1
62, 0.909066988825, 1
63, 0.647223715466, 1
64, 0.496519436665, 1
65, 0.735654723161, 1
66, 0.948941750778, 1
67, 0.996372012344, 1
68, 0.999905164443, 1
69, 0.999999088027, 1
70, 0.999999996774, 1
71, 0.999999999996, 1
72, 1.0, 1
73, 0.999999999998, 1
74, 0.999999998215, 1
75, 0.999999473937, 1
76, 0.999942966498, 1
77, 0.997725280954, 1
78, 0.966624252254, 1
79, 0.819847720025, 1
80, 0.642271080377, 1
81, 0.738676679345, 1
82, 0.929487035245, 1
83, 0.983213931324, 1
84, 0.882587704691, 1
85, 0.49029942415, 1
86, 0.184461106834, 1
87, 0.51995587735, 1
88, 0.896050319865, 1
89, 0.991719086124, 1
90, 0.999735617881, 1
91, 0.998809601816, 1
92, 0.976096641131, 1
93, 0.82303590127, 1
94, 0.518033217358, 1
95, 0.517102936404, 1
96, 0.822009206296, 1
97, 0.975865070591, 1
98, 0.998796073305, 1
99, 0.999977906752, 1
100, 0.99999985085, 1
101, 0.99999999963, 1
102, 1.0, 1
103, 1.0, 1
104, 1.0, 1
105, 1.0, 1
106, 1.0, 1
107, 1.0, 1
108, 1.0, 1
109, 1.0, 1
110, 1.0, 1
111, 1.0, 1
112, 1.0, 1
113, 1.0, 1
114, 1.0, 1
115, 1.0, 1
116, 1.0, 1
117, 0.999999999998, 1
118, 0.999999998596, 1
119, 0.99999964165, 1
120, 0.999966354721, 1
121, 0.99883789117, 1
122, 0.985233587691, 1
123, 0.93097463712, 1
124, 0.881300763791, 1
125, 0.92490817343, 1
126, 0.982523964004, 1
127, 0.998503768785, 1
128, 0.999952874028, 1
129, 0.999999432942, 1
130, 0.99999522224, 1
131, 0.999600799096, 1
132, 0.987723463423, 1
133, 0.861111678327, 1
134, 0.421955709441, 1
135, 0.114961776533, 1
136, 0.501485601104, 1
137, 0.895628680599, 1
138, 0.967341018554, 1
139, 0.808501723823, 1
140, 0.460980070858, 1
141, 0.441323453105, 1
142, 0.786014090105, 1
143, 0.942540413598, 1
144, 0.757767694108, 1
145, 0.247970628455, 1
146, 0.13313548737, 1
147, 0.561273038557, 1
148, 0.846128497149, 1
149, 0.963955483871, 1
150, 0.996074144811, 1
151, 0.999833190982, 1
152, 0.999997362273, 1
153, 0.999999984623, 1
154, 0.999999999967, 1
155, 1.0, 1
156, 1.0, 1
157, 1.0, 1
158, 1.0, 1
159, 1.0, 1
160, 1.0, 1
161, 1.0, 1
162, 1.0, 1
163, 1.0, 1
164, 1.0, 1
165, 1.0, 1
166, 1.0, 1
167, 1.0, 1
168, 1.0, 1
169, 1.0, 1
170, 1.0, 1
171, 1.0, 1
172, 1.0, 1
173, 1.0, 1
174, 1.0, 1
175, 1.0, 1
176, 1.0, 1
177, 1.0, 1
178, 1.0, 1
179, 1.0, 1
180, 1.0, 1
181, 1.0, 1
182, 1.0, 1
183, 1.0, 1
184, 1.0, 1
185, 1.0, 1
186, 1.0, 1
187, 1.0, 1
188, 1.0, 1
189, 1.0, 1
190, 1.0, 1
191, 1.0, 1
192, 1.0, 1
193, 1.0, 1
194, 1.0, 1
195, 1.0, 1
196, 1.0, 1
197, 1.0, 1
198, 1.0, 1
199, 1.0, 1
200, 1.0, 1
201, 1.0, 1
202, 1.0, 1
203, 1.0, 1
204, 1.0, 1
205, 1.0, 1
206, 0.999999999908, 1
207, 0.999999960044, 1
208, 0.999993644499, 1
209, 0.999628099936, 1
210, 0.991994128913, 1
211, 0.936597119227, 1
212, 0.815120879331, 1
213, 0.795880017157, 1
214, 0.826066707766, 1
215, 0.476079647016, 1
216, 0.0490650765855, 1
217, 0.332836637748, 1
218, 0.538667567985, 1
219, 0.335515910868, 1
220, 0.554279266358, 1
221, 0.882456870998, 1
222, 0.91339365089, 1
223, 0.718122170891, 1
224, 0.622426019897, 1
225, 0.813783193689, 1
226, 0.966213426974, 1
227, 0.997744852428, 1
228, 0.99994462531, 1
229, 0.999999499789, 1
230, 0.999999998338, 1
231, 0.999999999998, 1
232, 1.0, 1
233, 1.0, 1
234, 1.0, 1
235, 1.0, 1
236, 1.0, 1
237, 1.0, 1
238, 1.0, 1
239, 1.0, 1
240, 0.999999999994, 1
241, 0.99999999606, 1
242, 0.999999012863, 1
243, 0.999909015671, 1
244, 0.996914955169, 1
245, 0.961517594295, 1
246, 0.823404602254, 1
247, 0.70162707193, 1
248, 0.807626579065, 1
249, 0.883037346276, 1
250, 0.745508187875, 1
251, 0.700667462634, 1
252, 0.869177492394, 1
253, 0.978961189088, 1
254, 0.998755288138, 1
0, 0.999999930667, 2
1, 0.999990882054, 2
2, 0.999558875205, 2
3, 0.992148882951, 2
4, 0.948594811933, 2
5, 0.876180806556, 2
6, 0.890282852719, 2
7, 0.964234313814, 2
8, 0.995710920123, 2
9, 0.999810779919, 2
10, 0.999996929028, 2
11, 0.999999981665, 2
12, 0.99999999996, 2
13, 1.0, 2
14, 1.0, 2
15, 1.0, 2
16, 1.0, 2
17, 1.0, 2
18, 1.0, 2
19, 1.0, 2
20, 1.0, 2
21, 1.0, 2
22, 1.0, 2
23, 1.0, 2
24, 1.0, 2
25, 1.0, 2
26, 1.0, 2
27, 1.0, 2
28, 1.0, 2
29, 1.0, 2
30, 1.0, 2
31, 1.0, 2
32, 1.0, 2
33, 1.0, 2
34, 1.0, 2
35, 1.0, 2
36, 1.0, 2
37, 1.0, 2
38, 1.0, 2
39, 1.0, 2
40, 1.0, 2
41, 1.0, 2
42, 1.0, 2
43, 1.0, 2
44, 1.0, 2
45, 1.0, 2
46, 1.0, 2
47, 1.0, 2
48, 1.0, 2
49, 1.0, 2
50, 1.0, 2
51, 1.0, 2
52, 1.0, 2
53, 1.0, 2
54, 1.0, 2
55, 1.0, 2
56, 1.0, 2
57, 1.0, 2
58, 1.0, 2
59, 1.0, 2
60, 1.0, 2
61, 1.0, 2
62, 1.0, 2
63, 1.0, 2
64, 1.0, 2
65, 1.0, 2
66, 1.0, 2
67, 1.0, 2
68, 1.0, 2
69, 0.999999999999, 2
70, 0.999999999308, 2
71, 0.999999749788, 2
72, 0.999966710488, 2
73, 0.998370657473, 2
74, 0.97066251577, 2
75, 0.805670441727, 2
76, 0.526455958984, 2
77, 0.575490507075, 2
78, 0.860002604865, 2
79, 0.98301529447, 2
80, 0.999241943447, 2
81, 0.999987553401, 2
82, 0.999999924819, 2
83, 0.999999999833, 2
84, 1.0, 2
85, 1.0, 2
86, 1.0, 2
87, 1.0, 2
88, 1.0, 2
89, 1.0, 2
90, 1.0, 2
91, 1.0, 2
92, 1.0, 2
93, 1.0, 2
94, 1.0, 2
95, 1.0, 2
96, 1.0, 2
97, 1.0, 2
98, 1.0, 2
99, 1.0, 2
100, 1.0, 2
101, 1.0, 2
102, 1.0, 2
103, 1.0, 2
104, 1.0, 2
105, 1.0, 2
106, 1.0, 2
107, 1.0, 2
108, 1.0, 2
109, 1.0, 2
110, 1.0, 2
111, 1.0, 2
112, 1.0, 2
113, 1.0, 2
114, 1.0, 2
115, 1.0, 2
116, 1.0, 2
117, 1.0, 2
118, 1.0, 2
119, 1.0, 2
120, 1.0, 2
121, 1.0, 2
122, 1.0, 2
123, 1.0, 2
124, 1.0, 2
125, 0.999999999991, 2
126, 0.999999993581, 2
127, 0.999998249656, 2
128, 0.999824427089, 2
129, 0.993521163436, 2
130, 0.912048741627, 2
131, 0.560769379716, 2
132, 0.19304618733, 2
133, 0.454606113884, 2
134, 0.864394479325, 2
135, 0.987596335976, 2
136, 0.999582623363, 2
137, 0.999994833317, 2
138, 0.999999976471, 2
139, 0.999999999961, 2
140, 1.0, 2
141, 1.0, 2
142, 1.0, 2
143, 1.0, 2
144, 1.0, 2
145, 1.0, 2
146, 1.0, 2
147, 1.0, 2
148, 1.0, 2
149, 0.999999999996, 2
150, 0.999999997304, 2
151, 0.999999277997, 2
152, 0.999928856817, 2
153, 0.997421109409, 2
154, 0.965609534163, 2
155, 0.831286934054, 2
156, 0.695515706487, 2
157, 0.797844021174, 2
158, 0.950624238836, 2
159, 0.995563438203, 2
160, 0.999853349082, 2
161, 0.999998216683, 2
162, 0.999999992022, 2
163, 0.999999999987, 2
164, 1.0, 2
165, 1.0, 2
166, 1.0, 2
167, 1.0, 2
168, 1.0, 2
169, 1.0, 2
170, 1.0, 2
171, 1.0, 2
172, 1.0, 2
173, 1.0, 2
174, 1.0, 2
175, 1.0, 2
176, 1.0, 2
177, 1.0, 2
178, 1.0, 2
179, 1.0, 2
180, 1.0, 2
181, 1.0, 2
182, 1.0, 2
183, 1.0, 2
184, 1.0, 2
185, 1.0, 2
186, 1.0, 2
187, 1.0, 2
188, 1.0, 2
189, 1.0, 2
190, 1.0, 2
191, 1.0, 2
192, 1.0, 2
193, 0.999999999952, 2
194, 0.999999972715, 2
195, 0.999994241245, 2
196, 0.999552871756, 2
197, 0.987228523067, 2
198, 0.865799028067, 2
199, 0.481228968161, 2
200, 0.262263465804, 2
201, 0.614048810939, 2
202, 0.925720485054, 2
203, 0.994738399354, 2
204, 0.999670686654, 2
205, 0.994591849676, 2
206, 0.944091165996, 2
207, 0.787322077185, 2
208, 0.702374637764, 2
209, 0.846777345464, 2
210, 0.97098105995, 2
211, 0.99797816539, 2
212, 0.999948177874, 2
213, 0.999999511359, 2
214, 0.999999998305, 2
215, 0.999999999998, 2
216, 1.0, 2
217, 1.0, 2
218, 1.0, 2
219, 1.0, 2
220, 1.0, 2
221, 1.0, 2
222, 1.0, 2
223, 1.0, 2
224, 1.0, 2
225, 1.0, 2
226, 1.0, 2
227, 1.0, 2
228, 1.0, 2
229, 1.0, 2
230, 1.0, 2
231, 1.0, 2
232, 1.0, 2
233, 1.0, 2
234, 1.0, 2
235, 1.0, 2
236, 1.0, 2
237, 1.0, 2
238, 1.0, 2
239, 1.0, 2
240, 1.0, 2
241, 0.999999999653, 2
242, 0.999999874332, 2
243, 0.999983245185, 2
244, 0.999178211115, 2
245, 0.985171869668, 2
246, 0.901572139645, 2
247, 0.759643864702, 2
248, 0.784077500783, 2
249, 0.928641435894, 2
250, 0.991324393915, 2
251, 0.999611975574, 2
252, 0.999993615545, 2
253, 0.999999961355, 2
254, 0.999999999914, 2
0, 1.0, 3
1, 1.0, 3
2, 1.0, 3
3, 1.0, 3
4, 1.0, 3
5, 1.0, 3
6, 1.0, 3
7, 0.999999999997, 3
8, 0.999999998431, 3
9, 0.999999724071, 3
10, 0.999982150331, 3
11, 0.99957521616, 3
12, 0.996281114728, 3
13, 0.98801993272, 3
14, 0.985595072805, 3
15, 0.987597945595, 3
16, 0.932727209477, 3
17, 0.74104849765, 3
18, 0.627527802829, 3
19, 0.789975185368, 3
20, 0.886558387644, 3
21, 0.866193314909, 3
22, 0.91876923748, 3
23, 0.981561329692, 3
24, 0.998459134086, 3
25, 0.999952628158, 3
26, 0.999999464226, 3
27, 0.999999997771, 3
28, 0.999999999997, 3
29, 1.0, 3
30, 1.0, 3
31, 1.0, 3
32, 1.0, 3
33, 1.0, 3
34, 1.0, 3
35, 1.0, 3
36, 1.0, 3
37, 1.0, 3
38, 1.0, 3
39, 1.0, 3
40, 1.0, 3
41, 1.0, 3
42, 1.0, 3
43, 1.0, 3
44, 0.999999999995, 3
45, 0.999999996372, 3
46, 0.999999026754, 3
47, 0.999903964692, 3
48, 0.996513861528, 3
49, 0.953445265908, 3
50, 0.771288192929, 3
51, 0.586649146901, 3
52, 0.725176029749, 3
53, 0.93278040391, 3
54, 0.993951569345, 3
55, 0.999799785729, 3
56, 0.999997561892, 3
57, 0.999999989078, 3
58, 0.999999999982, 3
59, 1.0, 3
60, 1.0, 3
61, 1.0, 3
62, 1.0, 3
63, 1.0, 3
64, 1.0, 3
65, 1.0, 3
66, 1.0, 3
67, 1.0, 3
68, 1.0, 3
69, 1.0, 3
70, 1.0, 3
71, 1.0, 3
72, 1.0, 3
73, 1.0, 3
74, 1.0, 3
75, 1.0, 3
76, 1.0, 3
77, 1.0, 3
78, 1.0, 3
79, 1.0, 3
80, 0.999999999999, 3
81, 0.999999998711, 3
82, 0.999999553918, 3
83, 0.999943205784, 3
84, 0.997339891226, 3
85, 0.95416468691, 3
86, 0.709459602157, 3
87, 0.322485850542, 3
88, 0.418786450194, 3
89, 0.816574965534, 3
90, 0.978704540945, 3
91, 0.999090461847, 3
92, 0.999985709075, 3
93, 0.999999917395, 3
94, 0.999999999824, 3
95, 1.0, 3
96, 1.0, 3
97, 1.0, 3
98, 1.0, 3
99, 1.0, 3
100, 1.0, 3
101, 1.0, 3
102, 1.0, 3
103, 1.0, 3
104, 1.0, 3
105, 1.0, 3
106, 0.999999999985, 3
107, 0.999999990271, 3
108, 0.999997636221, 3
109, 0.999788718325, 3
110, 0.99305260123, 3
111, 0.915959594161, 3
112, 0.626010359248, 3
113, 0.387739078796, 3
114, 0.631253124892, 3
115, 0.917495652545, 3
116, 0.970910411847, 3
117, 0.786436141477, 3
118, 0.258044943499, 3
119, 0.0510315180294, 3
120, 0.553489343436, 3
121, 0.922711053692, 3
122, 0.995078375646, 3
123, 0.999884706438, 3
124, 0.99999900641, 3
125, 0.99999999685, 3
126, 0.999999999996, 3
127, 1.0, 3
128, 1.0, 3
129, 1.0, 3
130, 1.0, 3
131, 1.0, 3
132, 1.0, 3
133, 1.0, 3
134, 1.0, 3
135, 1.0, 3
136, 1.0, 3
137, 1.0, 3
138, 1.0, 3
139, 1.0, 3
140, 1.0, 3
141, 1.0, 3
142, 1.0, 3
143, 1.0, 3
144, 1.0, 3
145, 1.0, 3
146, 1.0, 3
147, 1.0, 3
148, 1.0, 3
149, 1.0, 3
150, 1.0, 3
151, 1.0, 3
152, 1.0, 3
153, 1.0, 3
154, 1.0, 3
155, 1.0, 3
156, 1.0, 3
157, 1.0, 3
158, 1.0, 3
159, 1.0, 3
160, 1.0, 3
161, 1.0, 3
162, 1.0, 3
163, 1.0, 3
164, 1.0, 3
165, 1.0, 3
166, 1.0, 3
167, 1.0, 3
168, 1.0, 3
169, 1.0, 3
170, 0.999999999981, 3
171, 0.999999988811, 3
172, 0.999997541491, 3
173, 0.999801269137, 3
174, 0.994090314718, 3
175, 0.935349943871, 3
176, 0.73981696382, 3
177, 0.614792648793, 3
178, 0.790195076177, 3
179, 0.957961576963, 3
180, 0.996859508941, 3
181, 0.998359354398, 3
182, 0.978750338131, 3
183, 0.893301830749, 3
184, 0.802901111588, 3
185, 0.866057959296, 3
186, 0.966514625071, 3
187, 0.996920367184, 3
188, 0.999895804676, 3
189, 0.99999870311, 3
190, 0.999999994062, 3
191, 0.99999999999, 3
192, 1.0, 3
193, 1.0, 3
194, 1.0, 3
195, 1.0, 3
196, 1.0, 3
197, 1.0, 3
198, 0.999999999977, 3
199, 0.999999988415, 3
200, 0.999997811846, 3
201, 0.999847962911, 3
202, 0.996113785363, 3
203, 0.96345655053, 3
204, 0.873585231379, 3
205, 0.839123871374, 3
206, 0.924683363427, 3
207, 0.987028334344, 3
208, 0.999178124389, 3
209, 0.999980843244, 3
210, 0.999999835736, 3
211, 0.999999999482, 3
212, 0.999999999999, 3
213, 1.0, 3
214, 1.0, 3
215, 1.0, 3
216, 1.0, 3
217, 1.0, 3
218, 1.0, 3
219, 1.0, 3
220, 1.0, 3
221, 0.999999999897, 3
222, 0.999999954947, 3
223, 0.999992761513, 3
224, 0.999572165069, 3
225, 0.990697275001, 3
226, 0.925586857868, 3
227, 0.78102495627, 3
228, 0.762947184219, 3
229, 0.905593666066, 3
230, 0.986168710681, 3
231, 0.999254530779, 3
232, 0.999985219052, 3
233, 0.999999892185, 3
234, 0.999999999711, 3
235, 1.0, 3
236, 1.0, 3
237, 1.0, 3
238, 1.0, 3
239, 1.0, 3
240, 1.0, 3
241, 1.0, 3
242, 0.999999999922, 3
243, 0.999999957965, 3
244, 0.999991658864, 3
245, 0.999391097677, 3
246, 0.983647822947, 3
247, 0.838449224005, 3
248, 0.412851393884, 3
249, 0.214958640264, 3
250, 0.613861984724, 3
251, 0.930128816416, 3
252, 0.995348862719, 3
253, 0.999886099473, 3
254, 0.999998973881, 3
0, 1.0, 4
1, 1.0, 4
2, 1.0, 4
3, 1.0, 4
4, 1.0, 4
5, 1.0, 4
6, 1.0, 4
7, 1.0, 4
8, 1.0, 4
9, 1.0, 4
10, 1.0, 4
11, 1.0, 4
12, 1.0, 4
13, 1.0, 4
14, 1.0, 4
15, 1.0, 4
16, 1.0, 4
17, 1.0, 4
18, 0.999999999857, 4
19, 0.999999931554, 4
20, 0.999987932224, 4
21, 0.999215343264, 4
22, 0.981120493205, 4
23, 0.831357989448, 4
24, 0.447885041732, 4
25, 0.312038042773, 4
26, 0.588104853508, 4
27, 0.875742649971, 4
28, 0.906996110734, 4
29, 0.635483169562, 4
30, 0.389369643705, 4
31, 0.623235090852, 4
32, 0.914479222807, 4
33, 0.992858681254, 4
34, 0.999780623191, 4
35, 0.999997520817, 4
36, 0.999999989693, 4
37, 0.999999999984, 4
38, 1.0, 4
39, 1.0, 4
40, 1.0, 4
41, 1.0, 4
42, 1.0, 4
43, 1.0, 4
44, 1.0, 4
45, 1.0, 4
46, 1.0, 4
47, 1.0, 4
48, 1.0, 4
49, 1.0, 4
50, 1.0, 4
51, 1.0, 4
52, 1.0, 4
53, 1.0, 4
54, 1.0, 4
55, 1.0, 4
56, 0.999999999942, 4
57, 0.999999977922, 4
58, 0.999996895421, 4
59, 0.999839398952, 4
60, 0.996943675365, 4
61, 0.978602841314, 4
62, 0.944891543011, 4
63, 0.947786126473, 4
64, 0.981800515251, 4
65, 0.99766633888, 4
66, 0.999889916556, 4
67, 0.999998089655, 4
68, 0.999999987804, 4
69, 0.999999999971, 4
70, 1.0, 4
71, 1.0, 4
72, 1.0, 4
73, 1.0, 4
74, 1.0, 4
75, 1.0, 4
76, 1.0, 4
77, 1.0, 4
78, 1.0, 4
79, 1.0, 4
80, 0.999999999996, 4
81, 0.999999997073, 4
82, 0.999999248028, 4
83, 0.999928927277, 4
84, 0.997528788444, 4
85, 0.968390151636, 4
86, 0.85125567098, 4
87, 0.742507882033, 4
88, 0.836019207817, 4
89, 0.961582638091, 4
90, 0.996688935692, 4
91, 0.999895018394, 4
92, 0.999998775484, 4
93, 0.999999994746, 4
94, 0.999999999992, 4
95, 1.0, 4
96, 1.0, 4
97, 1.0, 4
98, 1.0, 4
99, 1.0, 4
100, 1.0, 4
101, 1.0, 4
102, 1.0, 4
103, 1.0, 4
104, 1.0, 4
105, 1.0, 4
106, 0.999999999997, 4
107, 0.999999997343, 4
108, 0.999999141385, 4
109, 0.999897920424, 4
110, 0.995534173293, 4
111, 0.928017183945, 4
112, 0.571256598672, 4
113, 0.0680108651324, 4
114, 0.148614981688, 4
115, 0.173656891911, 4
116, 0.465299081871, 4
117, 0.869600241613, 4
118, 0.988185247077, 4
119, 0.99960454256, 4
120, 0.999995126589, 4
121, 0.999999977903, 4
122, 0.999999999963, 4
123, 1.0, 4
124, 1.0, 4
125, 1.0, 4
126, 1.0, 4
127, 1.0, 4
128, 1.0, 4
129, 1.0, 4
130, 1.0, 4
131, 1.0, 4
132, 1.0, 4
133, 1.0, 4
134, 1.0, 4
135, 1.0, 4
136, 1.0, 4
137, 1.0, 4
138, 1.0, 4
139, 1.0, 4
140, 1.0, 4
141, 1.0, 4
142, 1.0, 4
143, 1.0, 4
144, 1.0, 4
145, 1.0, 4
146, 1.0, 4
147, 1.0, 4
148, 1.0, 4
149, 1.0, 4
150, 1.0, 4
151, 1.0, 4
152, 1.0, 4
153, 1.0, 4
154, 1.0, 4
155, 1.0, 4
156, 1.0, 4
157, 1.0, 4
158, 1.0, 4
159, 1.0, 4
160, 1.0, 4
161, 1.0, 4
162, 1.0, 4
163, 1.0, 4
164, 1.0, 4
165, 1.0, 4
166, 1.0, 4
167, 1.0, 4
168, 1.0, 4
169, 1.0, 4
170, 1.0, 4
171, 1.0, 4
172, 1.0, 4
173, 1.0, 4
174, 1.0, 4
175, 1.0, 4
176, 1.0, 4
177, 0.999999999996, 4
178, 0.999999996752, 4
179, 0.999999018578, 4
180, 0.999890906276, 4
181, 0.995538824173, 4
182, 0.932887342902, 4
183, 0.628580205842, 4
184, 0.243809574113, 4
185, 0.433626634237, 4
186, 0.843944173635, 4
187, 0.984181595696, 4
188, 0.999410137383, 4
189, 0.99999190821, 4
190, 0.999999959164, 4
191, 0.999999999924, 4
192, 1.0, 4
193, 1.0, 4
194, 0.999999999999, 4
195, 0.999999998786, 4
196, 0.999999561862, 4
197, 0.999941837736, 4
198, 0.997159615679, 4
199, 0.948970838592, 4
200, 0.66273965949, 4
201, 0.179992857873, 4
202, 0.266541553943, 4
203, 0.758654663674, 4
204, 0.970784869792, 4
205, 0.998698985133, 4
206, 0.999978686135, 4
207, 0.999999871546, 4
208, 0.999999999715, 4
209, 1.0, 4
210, 1.0, 4
211, 1.0, 4
212, 1.0, 4
213, 1.0, 4
214, 1.0, 4
215, 1.0, 4
216, 1.0, 4
217, 1.0, 4
218, 1.0, 4
219, 1.0, 4
220, 1.0, 4
221, 1.0, 4
222, 1.0, 4
223, 0.999999999918, 4
224, 0.999999966753, 4
225, 0.999995058245, 4
226, 0.999729781294, 4
227, 0.99456430478, 4
228, 0.95977460627, 4
229, 0.890490693745, 4
230, 0.890325094269, 4
231, 0.959591844203, 4
232, 0.994523081124, 4
233, 0.99972690792, 4
234, 0.99999499058, 4
235, 0.999999966196, 4
236, 0.999999999916, 4
237, 1.0, 4
238, 1.0, 4
239, 1.0, 4
240, 0.999999999992, 4
241, 0.999999995235, 4
242, 0.999999004116, 4
243, 0.999923433233, 4
244, 0.997834404568, 4
245, 0.977466956089, 4
246, 0.913748249573, 4
247, 0.878543296328, 4
248, 0.937081178286, 4
249, 0.988009281986, 4
250, 0.999159349808, 4
251, 0.999978318418, 4
252, 0.999999794282, 4
253, 0.999999999282, 4
254, 0.999999999999, 4
0, 0.925620314906, 5
1, 0.847393230546, 5
2, 0.884814243107, 5
3, 0.968016257512, 5
4, 0.996732878407, 5
5, 0.999877225879, 5
6, 0.999998302718, 5
7, 0.999999991368, 5
8, 0.999999999984, 5
9, 1.0, 5
10, 0.999999999996, 5
11, 0.999999997317, 5
12, 0.999999351968, 5
13, 0.999942426038, 5
14, 0.998118253433, 5
15, 0.977374318538, 5
16, 0.899919901797, 5
17, 0.837145675607, 5
18, 0.902510827141, 5
19, 0.978530645147, 5
20, 0.998260649442, 5
21, 0.999948160505, 5
22, 0.999999431619, 5
23, 0.999999997707, 5
24, 0.999999999997, 5
25, 1.0, 5
26, 1.0, 5
27, 1.0, 5
28, 1.0, 5
29, 1.0, 5
30, 1.0, 5
31, 1.0, 5
32, 1.0, 5
33, 1.0, 5
34, 1.0, 5
35, 1.0, 5
36, 1.0, 5
37, 1.0, 5
38, 1.0, 5
39, 1.0, 5
40, 1.0, 5
41, 1.0, 5
42, 0.999999999994, 5
43, 0.999999996011, 5
44, 0.999999020701, 5
45, 0.999911562704, 5
46, 0.997061937221, 5
47, 0.96409191817, 5
48, 0.838553416424, 5
49, 0.732963252112, 5
50, 0.837512957727, 5
51, 0.963626562369, 5
52, 0.996935833548, 5
53, 0.998280286917, 5
54, 0.985867322212, 5
55, 0.954595165696, 5
56, 0.942763740953, 5
57, 0.957728967214, 5
58, 0.965212184964, 5
59, 0.981734344063, 5
60, 0.996160688442, 5
61, 0.999700383108, 5
62, 0.999991390106, 5
63, 0.999999908972, 5
64, 0.999999999646, 5
65, 0.999999999999, 5
66, 1.0, 5
67, 1.0, 5
68, 1.0, 5
69, 1.0, 5
70, 0.999999999999, 5
71, 0.999999999615, 5
72, 0.99999989315, 5
73, 0.999989083479, 5
74, 0.999589703091, 5
75, 0.994326934945, 5
76, 0.971143556755, 5
77, 0.946002537085, 5
78, 0.962828556422, 5
79, 0.990586502354, 5
80, 0.999123002961, 5
81, 0.999969942645, 5
82, 0.999999621026, 5
83, 0.999999998242, 5
84, 0.999999999997, 5
85, 1.0, 5
86, 1.0, 5
87, 1.0, 5
88, 1.0, 5
89, 1.0, 5
90, 1.0, 5
91, 1.0, 5
92, 1.0, 5
93, 1.0, 5
94, 1.0, 5
95, 1.0, 5
96, 1.0, 5
97, 1.0, 5
98, 1.0, 5
99, 1.0, 5
100, 1.0, 5
101, 0.99999999997, 5
102, 0.999999981272, 5
103, 0.999995684332, 5
104, 0.999634144818, 5
105, 0.988590254508, 5
106, 0.869097415315, 5
107, 0.447507986252, 5
108, 0.142154049195, 5
109, 0.509997693042, 5
110, 0.897034327139, 5
111, 0.992040380284, 5
112, 0.999773624398, 5
113, 0.999994809564, 5
114, 0.999823949881, 5
115, 0.995960472574, 5
116, 0.965900124382, 5
117, 0.89410375804, 5
118, 0.879019933318, 5
119, 0.94915448986, 5
120, 0.992138653902, 5
121, 0.999552856685, 5
122, 0.999990643744, 5
123, 0.999999927978, 5
124, 0.999999999796, 5
125, 1.0, 5
126, 1.0, 5
127, 1.0, 5
128, 1.0, 5
129, 1.0, 5
130, 1.0, 5
131, 1.0, 5
132, 1.0, 5
133, 1.0, 5
134, 1.0, 5
135, 1.0, 5
136, 1.0, 5
137, 1.0, 5
138, 1.0, 5
139, 1.0, 5
140, 1.0, 5
141, 1.0, 5
142, 1.0, 5
143, 1.0, 5
144, 1.0, 5
145, 1.0, 5
146, 1.0, 5
147, 1.0, 5
148, 1.0, 5
149, 1.0, 5
150, 1.0, 5
151, 0.999999999988, 5
152, 0.999999993204, 5
153, 0.999998603371, 5
154, 0.999894413868, 5
155, 0.997063444724, 5
156, 0.969954807072, 5
157, 0.886911789428, 5
158, 0.843409581309, 5
159, 0.92023386364, 5
160, 0.985052194233, 5
161, 0.998969514574, 5
162, 0.999973864653, 5
163, 0.999999422996, 5
164, 0.999958870883, 5
165, 0.998132266428, 5
166, 0.968797109769, 5
167, 0.808230160369, 5
168, 0.566415920557, 5
169, 0.639274774886, 5
170, 0.887929346633, 5
171, 0.977962556403, 5
172, 0.981469347457, 5
173, 0.987716014426, 5
174, 0.996924224689, 5
175, 0.999716510003, 5
176, 0.999990226126, 5
177, 0.999981458191, 5
178, 0.999222665575, 5
179, 0.987625011426, 5
180, 0.919978999288, 5
181, 0.743892222543, 5
182, 0.455282917484, 5
183, 0.333732530542, 5
184, 0.674784648529, 5
185, 0.941333424835, 5
186, 0.996094416594, 5
187, 0.999904238081, 5
188, 0.999999135982, 5
189, 0.999999996419, 5
190, 0.999999782312, 5
191, 0.999975537131, 5
192, 0.998988669563, 5
193, 0.984619010019, 5
194, 0.913944027115, 5
195, 0.822873610072, 5
196, 0.865880302809, 5
197, 0.962596425904, 5
198, 0.994783607631, 5
199, 0.984159174145, 5
200, 0.934810033099, 5
201, 0.896221983657, 5
202, 0.877792246759, 5
203, 0.632150468233, 5
204, 0.315787107052, 5
205, 0.415574755415, 5
206, 0.231060268023, 5
207, 0.0869831723903, 5
208, 0.482354707579, 5
209, 0.355559504718, 5
210, 0.0890853037866, 5
211, 0.498633434088, 5
212, 0.898512673402, 5
213, 0.992426919911, 5
214, 0.999039163803, 5
215, 0.983821775679, 5
216, 0.872291868384, 5
217, 0.629091392592, 5
218, 0.603702865565, 5
219, 0.844207568687, 5
220, 0.975899892636, 5
221, 0.964797320176, 5
222, 0.735537717596, 5
223, 0.244352771744, 5
224, 0.205656695013, 5
225, 0.692812933224, 5
226, 0.956297816856, 5
227, 0.997712775173, 5
228, 0.999955962747, 5
229, 0.999999681849, 5
230, 0.999998800607, 5
231, 0.999915160357, 5
232, 0.997777463483, 5
233, 0.977831472419, 5
234, 0.903946271517, 5
235, 0.737085353112, 5
236, 0.447555432249, 5
237, 0.434515378807, 5
238, 0.780790538796, 5
239, 0.968647471134, 5
240, 0.998348451384, 5
241, 0.999967986826, 5
242, 0.999999771708, 5
243, 0.999999999401, 5
244, 0.999999999999, 5
245, 1.0, 5
246, 1.0, 5
247, 0.999999999861, 5
248, 0.999999930734, 5
249, 0.999987254554, 5
250, 0.999136634415, 5
251, 0.978570253685, 5
252, 0.811759917459, 5
253, 0.441794462548, 5
254, 0.339511842234, 5
0, 0.983976184622, 6
1, 0.840722642961, 6
2, 0.417564729195, 6
3, 0.216485909307, 6
4, 0.612250297166, 6
5, 0.929406997461, 6
6, 0.995272001253, 6
7, 0.999883507338, 6
8, 0.999998944094, 6
9, 0.999999996479, 6
10, 0.999999999995, 6
11, 0.999999999154, 6
12, 0.99999970801, 6
13, 0.99996291297, 6
14, 0.998267070367, 6
15, 0.970211727563, 6
16, 0.811628487795, 6
17, 0.561781559108, 6
18, 0.624965179059, 6
19, 0.881924972882, 6
20, 0.986324285256, 6
21, 0.999417296628, 6
22, 0.99999086622, 6
23, 0.999999947331, 6
24, 0.999999999888, 6
25, 1.0, 6
26, 1.0, 6
27, 1.0, 6
28, 1.0, 6
29, 1.0, 6
30, 0.999999999616, 6
31, 0.999999849527, 6
32, 0.999978313675, 6
33, 0.998850209315, 6
34, 0.977573725615, 6
35, 0.839083345385, 6
36, 0.575233383528, 6
37, 0.587517738257, 6
38, 0.852644722349, 6
39, 0.980634369943, 6
40, 0.999063725737, 6
41, 0.999983347476, 6
42, 0.999999891041, 6
43, 0.999999999738, 6
44, 0.999999999994, 6
45, 0.999999995588, 6
46, 0.999998813136, 6
47, 0.999882539762, 6
48, 0.995723520964, 6
49, 0.942722045181, 6
50, 0.717773307776, 6
51, 0.488322661338, 6
52, 0.655885676199, 6
53, 0.884631164789, 6
54, 0.895774538192, 6
55, 0.893960467948, 6
56, 0.914044298798, 6
57, 0.842870568389, 6
58, 0.827169402842, 6
59, 0.927806259003, 6
60, 0.977322284527, 6
61, 0.870995554682, 6
62, 0.486100146185, 6
63, 0.243746344251, 6
64, 0.590581710593, 6
65, 0.918459658313, 6
66, 0.994025520395, 6
67, 0.999813187466, 6
68, 0.998943377125, 6
69, 0.984122089052, 6
70, 0.912092081397, 6
71, 0.820952480921, 6
72, 0.86584275346, 6
73, 0.96302012126, 6
74, 0.996250077022, 6
75, 0.999860109273, 6
76, 0.999997653056, 6
77, 0.999950326901, 6
78, 0.997875834511, 6
79, 0.966576979331, 6
80, 0.806532255676, 6
81, 0.588019218675, 6
82, 0.677261434931, 6
83, 0.906989862012, 6
84, 0.990139130037, 6
85, 0.999615403177, 6
86, 0.999994481746, 6
87, 0.999999970873, 6
88, 0.999999999943, 6
89, 1.0, 6
90, 1.0, 6
91, 1.0, 6
92, 1.0, 6
93, 1.0, 6
94, 1.0, 6
95, 1.0, 6
96, 1.0, 6
97, 1.0, 6
98, 1.0, 6
99, 1.0, 6
100, 1.0, 6
101, 1.0, 6
102, 0.999999999979, 6
103, 0.999999989425, 6
104, 0.999998074635, 6
105, 0.999871039105, 6
106, 0.996822331237, 6
107, 0.971195209024, 6
108, 0.903943590411, 6
109, 0.882159795103, 6
110, 0.946817818658, 6
111, 0.991170333056, 6
112, 0.999460702986, 6
113, 0.999987882383, 6
114, 0.999999899836, 6
115, 0.999999999626, 6
116, 0.99999996326, 6
117, 0.999992897006, 6
118, 0.999494810407, 6
119, 0.986781783018, 6
120, 0.87276784706, 6
121, 0.549467221466, 6
122, 0.413103622177, 6
123, 0.718743878975, 6
124, 0.950415258368, 6
125, 0.996784121409, 6
126, 0.999923271492, 6
127, 0.999999326528, 6
128, 0.999999997825, 6
129, 0.999999999997, 6
130, 0.999999999998, 6
131, 0.999999997935, 6
132, 0.99999931364, 6
133, 0.999916088989, 6
134, 0.996226092655, 6
135, 0.937559117936, 6
136, 0.619939842809, 6
137, 0.148977238453, 6
138, 0.298971738997, 6
139, 0.787560439243, 6
140, 0.97631677825, 6
141, 0.999028703808, 6
142, 0.999985345598, 6
143, 0.999999918663, 6
144, 0.999999999834, 6
145, 1.0, 6
146, 1.0, 6
147, 1.0, 6
148, 1.0, 6
149, 1.0, 6
150, 0.999999999999, 6
151, 0.999999998963, 6
152, 0.999999651345, 6
153, 0.999956865652, 6
154, 0.998036839805, 6
155, 0.967130447182, 6
156, 0.797540173792, 6
157, 0.541182756666, 6
158, 0.614883215641, 6
159, 0.823308254898, 6
160, 0.61006809951, 6
161, 0.203403638834, 6
162, 0.38866270886, 6
163, 0.8273822815, 6
164, 0.982069289643, 6
165, 0.999314803341, 6
166, 0.999990359618, 6
167, 0.999997809642, 6
168, 0.999786456582, 6
169, 0.992162929811, 6
170, 0.894189931781, 6
171, 0.474460007489, 6
172, 0.0397372886733, 6
173, 0.354524329809, 6
174, 0.840384446757, 6
175, 0.985479684099, 6
176, 0.999513938328, 6
177, 0.99997570465, 6
178, 0.99898860622, 6
179, 0.979452069832, 6
180, 0.846420579768, 6
181, 0.577717109631, 6
182, 0.572850929874, 6
183, 0.841049842288, 6
184, 0.978240546725, 6
185, 0.998904176741, 6
186, 0.999979696077, 6
187, 0.999999232432, 6
188, 0.999924745391, 6
189, 0.996688834944, 6
190, 0.946402975572, 6
191, 0.680801475544, 6
192, 0.30006439775, 6
193, 0.42037770566, 6
194, 0.672114090948, 6
195, 0.594624531894, 6
196, 0.541012489841, 6
197, 0.465198004862, 6
198, 0.660605593831, 6
199, 0.852018153582, 6
200, 0.54394494611, 6
201, 0.0793538558858, 6
202, 0.131226828332, 6
203, 0.599352839116, 6
204, 0.876481437614, 6
205, 0.954015131093, 6
206, 0.990736369674, 6
207, 0.99928297091, 6
208, 0.999979504454, 6
209, 0.999999784411, 6
210, 0.999999999166, 6
211, 0.999999999999, 6
212, 1.0, 6
213, 1.0, 6
214, 1.0, 6
215, 1.0, 6
216, 1.0, 6
217, 1.0, 6
218, 1.0, 6
219, 1.0, 6
220, 1.0, 6
221, 1.0, 6
222, 1.0, 6
223, 1.0, 6
224, 1.0, 6
225, 1.0, 6
226, 1.0, 6
227, 1.0, 6
228, 1.0, 6
229, 1.0, 6
230, 1.0, 6
231, 1.0, 6
232, 1.0, 6
233, 1.0, 6
234, 1.0, 6
235, 1.0, 6
236, 1.0, 6
237, 1.0, 6
238, 0.999999999987, 6
239, 0.999999992669, 6
240, 0.999998503307, 6
241, 0.999887587646, 6
242, 0.996894004366, 6
243, 0.968428646753, 6
244, 0.881942502919, 6
245, 0.837534058197, 6
246, 0.915425156288, 6
247, 0.952012974808, 6
248, 0.84331228178, 6
249, 0.730951934686, 6
250, 0.829037710994, 6
251, 0.95698046458, 6
252, 0.950934062055, 6
253, 0.759805862913, 6
254, 0.53680672779, 6
0, 1.0, 7
1, 1.0, 7
2, 1.0, 7
3, 1.0, 7
4, 1.0, 7
5, 1.0, 7
6, 1.0, 7
7, 1.0, 7
8, 1.0, 7
9, 0.99999999999, 7
10, 0.999999993652, 7
11, 0.99999844483, 7
12, 0.999859836215, 7
13, 0.995352715686, 7
14, 0.943314995392, 7
15, 0.745643612345, 7
16, 0.580122351994, 7
17, 0.744997001311, 7
18, 0.941644784295, 7
19, 0.968101949567, 7
20, 0.813451703207, 7
21, 0.532390526187, 7
22, 0.568533129871, 7
23, 0.853540382199, 7
24, 0.981710835745, 7
25, 0.99915981419, 7
26, 0.99998580085, 7
27, 0.999999911722, 7
28, 0.999999999798, 7
29, 0.999999999999, 7
30, 0.99999999912, 7
31, 0.999999755442, 7
32, 0.999974997882, 7
33, 0.999059676098, 7
34, 0.986989808941, 7
35, 0.933779052397, 7
36, 0.876002586577, 7
37, 0.914584757382, 7
38, 0.978354697987, 7
39, 0.997982110229, 7
40, 0.999930795116, 7
41, 0.999999126865, 7
42, 0.999999995947, 7
43, 0.999999999993, 7
44, 1.0, 7
45, 1.0, 7
46, 1.0, 7
47, 1.0, 7
48, 1.0, 7
49, 1.0, 7
50, 1.0, 7
51, 1.0, 7
52, 1.0, 7
53, 1.0, 7
54, 1.0, 7
55, 1.0, 7
56, 1.0, 7
57, 1.0, 7
58, 0.999999999955, 7
59, 0.999999979572, 7
60, 0.999996611498, 7
61, 0.99979322588, 7
62, 0.995358159912, 7
63, 0.961665510224, 7
64, 0.883535191281, 7
65, 0.869831690013, 7
66, 0.946479355699, 7
67, 0.991904514155, 7
68, 0.999549525698, 7
69, 0.999990778477, 7
70, 0.999999930555, 7
71, 0.999999999808, 7
72, 1.0, 7
73, 1.0, 7
74, 1.0, 7
75, 1.0, 7
76, 1.0, 7
77, 1.0, 7
78, 1.0, 7
79, 1.0, 7
80, 1.0, 7
81, 1.0, 7
82, 1.0, 7
83, 1.0, 7
84, 1.0, 7
85, 1.0, 7
86, 1.0, 7
87, 1.0, 7
88, 1.0, 7
89, 1.0, 7
90, 1.0, 7
91, 1.0, 7
92, 1.0, 7
93, 1.0, 7
94, 1.0, 7
95, 1.0, 7
96, 1.0, 7
97, 1.0, 7
98, 1.0, 7
99, 1.0, 7
100, 1.0, 7
101, 1.0, 7
102, 1.0, 7
103, 1.0, 7
104, 1.0, 7
105, 1.0, 7
106, 1.0, 7
107, 1.0, 7
108, 1.0, 7
109, 1.0, 7
110, 1.0, 7
111, 1.0, 7
112, 1.0, 7
113, 1.0, 7
114, 1.0, 7
115, 1.0, 7
116, 1.0, 7
117, 1.0, 7
118, 1.0, 7
119, 1.0, 7
120, 1.0, 7
121, 0.999999999965, 7
122, 0.999999978683, 7
123, 0.999995220021, 7
124, 0.999605689743, 7
125, 0.988033816328, 7
126, 0.866408516226, 7
127, 0.451334818672, 7
128, 0.171024786087, 7
129, 0.539233168548, 7
130, 0.905783625169, 7
131, 0.992912760826, 7
132, 0.999803874842, 7
133, 0.999998003382, 7
134, 0.999999992522, 7
135, 0.99999999999, 7
136, 1.0, 7
137, 1.0, 7
138, 1.0, 7
139, 1.0, 7
140, 1.0, 7
141, 1.0, 7
142, 1.0, 7
143, 1.0, 7
144, 1.0, 7
145, 1.0, 7
146, 1.0, 7
147, 1.0, 7
148, 1.0, 7
149, 1.0, 7
150, 1.0, 7
151, 1.0, 7
152, 1.0, 7
153, 1.0, 7
154, 1.0, 7
155, 1.0, 7
156, 1.0, 7
157, 1.0, 7
158, 1.0, 7
159, 1.0, 7
160, 1.0, 7
161, 1.0, 7
162, 1.0, 7
163, 1.0, 7
164, 1.0, 7
165, 1.0, 7
166, 1.0, 7
167, 1.0, 7
168, 1.0, 7
169, 1.0, 7
170, 1.0, 7
171, 1.0, 7
172, 1.0, 7
173, 1.0, 7
174, 1.0, 7
175, 1.0, 7
176, 1.0, 7
177, 1.0, 7
178, 1.0, 7
179, 1.0, 7
180, 1.0, 7
181, 1.0, 7
182, 1.0, 7
183, 1.0, 7
184, 1.0, 7
185, 1.0, 7
186, 1.0, 7
187, 1.0, 7
188, 1.0, 7
189, 1.0, 7
190, 1.0, 7
191, 1.0, 7
192, 1.0, 7
193, 1.0, 7
194, 1.0, 7
195, 1.0, 7
196, 1.0, 7
197, 1.0, 7
198, 1.0, 7
199, 1.0, 7
200, 1.0, 7
201, 1.0, 7
202, 1.0, 7
203, 1.0, 7
204, 1.0, 7
205, 1.0, 7
206, 1.0, 7
207, 1.0, 7
208, 1.0, 7
209, 1.0, 7
210, 1.0, 7
211, 1.0, 7
212, 1.0, 7
213, 1.0, 7
214, 1.0, 7
215, 1.0, 7
216, 1.0, 7
217, 1.0, 7
218, 1.0, 7
219, 1.0, 7
220, 1.0, 7
221, 1.0, 7
222, 1.0, 7
223, 1.0, 7
224, 1.0, 7
225, 1.0, 7
226, 1.0, 7
227, 1.0, 7
228, 1.0, 7
229, 1.0, 7
230, 1.0, 7
231, 1.0, 7
232, 1.0, 7
233, 1.0, 7
234, 1.0, 7
235, 1.0, 7
236, 1.0, 7
237, 1.0, 7
238, 1.0, 7
239, 1.0, 7
240, 1.0, 7
241, 1.0, 7
242, 1.0, 7
243, 1.0, 7
244, 1.0, 7
245, 1.0, 7
246, 1.0, 7
247, 1.0, 7
248, 1.0, 7
249, 1.0, 7
250, 1.0, 7
251, 1.0, 7
252, 1.0, 7
253, 1.0, 7
254, 1.0, 7
