      0.00000      -142926.00
      1.00000      -156182.08
      2.00000      -166584.92
      3.00000      -175803.11
      4.00000      -181398.67
      5.00000      -186542.88
      6.00000      -190489.72
      7.00000      -192704.39
      8.00000      -193103.06
      9.00000      -192276.04
      10.0000      -194137.94
      11.0000      -199258.71
      12.0000      -205677.47
      13.0000      -210875.48
      14.0000      -214159.78
      15.0000      -217532.90
      16.0000      -220673.06
      17.0000      -224032.51
      18.0000      -226296.36
      19.0000      -230136.37
      20.0000      -234352.51
      21.0000      -238830.89
      22.0000      -242594.32
      23.0000      -244376.20
      24.0000      -245664.26
      25.0000      -249810.58
      26.0000      -251919.31
      27.0000      -251852.12
      28.0000      -250643.81
      29.0000      -249691.36
      30.0000      -246739.72
      31.0000      -242819.11
      32.0000      -238904.12
      33.0000      -236460.38
      34.0000      -233877.46
      35.0000      -230722.27
      36.0000      -226722.13
      37.0000      -224380.55
      38.0000      -222454.35
      39.0000      -219184.73
      40.0000      -216917.48
      41.0000      -215537.88
      42.0000      -214830.95
      43.0000      -213976.94
      44.0000      -213967.86
      45.0000      -216251.02
      46.0000      -222471.16
      47.0000      -228064.06
      48.0000      -232983.93
      49.0000      -238746.83
      50.0000      -243634.90
      51.0000      -248012.03
      52.0000      -248893.73
      53.0000      -250103.35
      54.0000      -251994.55
      55.0000      -254208.65
      56.0000      -253586.71
      57.0000      -249314.63
      58.0000      -244851.81
      59.0000      -238997.59
      60.0000      -231077.67
      61.0000      -221044.86
      62.0000      -214409.93
      63.0000      -212194.12
      64.0000      -215781.88
      65.0000      -224058.46
      66.0000      -231746.40
      67.0000      -238463.46
      68.0000      -244492.80
      69.0000      -249228.17
      70.0000      -253521.29
      71.0000      -258411.60
      72.0000      -261702.03
      73.0000      -264528.87
      74.0000      -266421.39
      75.0000      -269325.08
      76.0000      -272105.33
      77.0000      -276874.14
      78.0000      -280725.15
      79.0000      -284677.40
      80.0000      -285808.22
      81.0000      -285377.54
      82.0000      -285173.17
      83.0000      -284690.72
      84.0000      -282656.36
      85.0000      -279687.15
      86.0000      -277249.86
      87.0000      -276004.81
      88.0000      -274272.26
      89.0000      -272605.05
      90.0000      -272065.71
      91.0000      -271744.20
      92.0000      -269150.37
      93.0000      -266322.99
      94.0000      -265129.88
      95.0000      -266104.26
      96.0000      -267190.43
      97.0000      -269493.90
      98.0000      -272998.33
      99.0000      -277430.74
      100.000      -280213.60
      101.000      -283501.73
      102.000      -286222.43
      103.000      -288277.57
      104.000      -286917.17
      105.000      -287850.21
      106.000      -290060.57
      107.000      -291634.41
      108.000      -291285.37
      109.000      -292557.74
      110.000      -293141.05
      111.000      -292560.99
      112.000      -291891.27
      113.000      -292738.88
      114.000      -291649.63
      115.000      -289439.76
      116.000      -286770.34
      117.000      -285353.66
      118.000      -283523.11
      119.000      -281641.48
      120.000      -278646.12
      121.000      -276326.72
      122.000      -272830.97
      123.000      -269256.54
      124.000      -265738.82
      125.000      -262676.81
      126.000      -259964.38
      127.000      -256608.49
      128.000      -255390.74
      129.000      -257299.97
      130.000      -260049.35
      131.000      -264124.49
      132.000      -268909.62
      133.000      -273665.19
      134.000      -276756.13
      135.000      -279687.89
      136.000      -282469.01
      137.000      -284377.82
      138.000      -285220.80
      139.000      -286834.92
      140.000      -287838.06
      141.000      -287672.31
      142.000      -286258.17
      143.000      -287885.15
      144.000      -286732.29
      145.000      -284704.58
      146.000      -286854.95
      147.000      -286391.56
      148.000      -284966.53
      149.000      -280214.14
      150.000      -280798.86
      151.000      -279522.49
      152.000      -277663.24
      153.000      -276549.59
      154.000      -275736.37
      155.000      -273541.37
      156.000      -271581.33
      157.000      -269106.83
      158.000      -264841.97
      159.000      -259386.20
      160.000      -253590.90
      161.000      -245204.60
      162.000      -234940.86
      163.000      -222996.95
      164.000      -210275.64
      165.000      -195639.91
      166.000      -179938.10
      167.000      -164596.27
      168.000      -148888.12
      169.000      -133103.91
      170.000      -118066.73
      171.000      -104156.74
      172.000      -90081.156
      173.000      -77529.272
      174.000      -66115.872
      175.000      -56392.257
      176.000      -47543.163
      177.000      -40137.246
      178.000      -33593.683
      179.000      -27918.016
      180.000      -23170.877
      181.000      -19079.765
      182.000      -15633.561
      183.000      -12782.596
      184.000      -10416.994
      185.000      -8291.0850
      186.000      -6675.5536
      187.000      -5269.4477
      188.000      -4129.1240
      189.000      -3121.0893
      190.000      -2278.8473
      191.000      -1634.3919
      192.000      -1105.8178
      193.000      -751.72650
      194.000      -307.62805
      195.000      -47.789242
      196.000       136.68032
      197.000       399.50341
      198.000       494.70693
      199.000       669.02631
      200.000       720.55422
      201.000       836.88673
      202.000       807.84150
      203.000       923.53155
      204.000       957.34426
      205.000       1053.6662
      206.000       1057.5950
      207.000       1107.3815
      208.000       1148.6299
      209.000       1149.5883
      210.000       1166.5883
      211.000       1159.0186
      212.000       1133.2180
      213.000       1168.7504
      214.000       1224.3268
      215.000       1061.1183
      216.000       1088.7094
      217.000       1139.9696
      218.000       1153.6128
      219.000       1107.4196
      220.000       1135.0819
      221.000       1087.6688
      222.000       1077.4659
      223.000       1068.1847
      224.000       1072.0637
      225.000       1088.6723
      226.000       1031.8444
      227.000       1009.5203
      228.000       1042.8154
      229.000       955.98102
      230.000       1006.7194
      231.000       1001.9757
      232.000       1002.9273
      233.000       962.06030
      234.000       989.28970
      235.000       986.19994
      236.000       1025.1522
      237.000       1031.8614
      238.000       1029.6354
      239.000       1009.1560
      240.000       953.09288
      241.000       959.85457
      242.000       953.12879
      243.000       971.73627
      244.000       976.82744
      245.000       953.88994
      246.000       1002.2850
      247.000       863.33085
      248.000       966.32620
      249.000       952.67450
      250.000       720.03345
      251.000       754.47152
      252.000       702.84358
      253.000       768.28956
      254.000       704.07844
      255.000       809.73716
