      8.00000       70.754475
      9.00000       74.508072
      10.0000       67.623513
      11.0000       88.444557
      12.0000       86.632782
      13.0000       106.46585
      14.0000       103.55659
      15.0000       115.46497
      16.0000       132.55668
      17.0000       110.43058
      18.0000       131.61263
      19.0000       129.50317
      20.0000       104.73582
      21.0000       125.51610
      22.0000       109.61173
      23.0000       109.63261
      24.0000       112.76173
      25.0000       102.67948
      26.0000       106.68016
      27.0000       99.644828
      28.0000       92.773678
      29.0000       78.606235
      30.0000       66.840543
      31.0000       65.697298
      32.0000       59.845697
      33.0000       65.854277
      34.0000       56.875257
      35.0000       57.766893
      36.0000       44.825851
      37.0000       55.776976
      38.0000       27.957099
      39.0000       26.953171
      40.0000       10.905414
      41.0000       10.992138
      42.0000       15.003800
      43.0000      -3.0117554
      44.0000      -25.046897
      45.0000      -38.945797
      46.0000      -40.942049
      47.0000      -49.885762
      48.0000      -63.851879
      49.0000      -78.800486
      50.0000      -103.77222
      51.0000      -120.69813
      52.0000      -143.94682
      53.0000      -155.65442
      54.0000      -176.59815
      55.0000      -156.63938
      56.0000      -151.64323
      57.0000      -170.61481
      58.0000      -156.50633
      59.0000      -163.42125
      60.0000      -127.09766
      61.0000      -146.97321
      62.0000      -125.04299
      63.0000      -91.953863
      64.0000      -91.112225
      65.0000      -118.03315
      66.0000      -139.27168
      67.0000      -154.27554
      68.0000      -175.32507
      69.0000      -163.25599
      70.0000      -197.10332
      71.0000      -211.10753
      72.0000      -269.24289
      73.0000      -353.08806
      74.0000      -412.16246
      75.0000      -411.81938
      76.0000      -494.24355
      77.0000      -559.34263
      78.0000      -693.59999
      79.0000      -701.72466
      80.0000      -638.89901
      81.0000      -652.19955
      82.0000      -797.28488
      83.0000      -1004.9901
      84.0000      -1058.2242
      85.0000      -966.07926
      86.0000      -1019.2056
      87.0000      -1220.1520
      88.0000      -1562.2448
      89.0000      -1736.6480
      90.0000      -1628.1578
      91.0000      -1405.7612
      92.0000      -1420.5805
      93.0000      -1726.9048
      94.0000      -1713.3971
      95.0000      -1429.5982
      96.0000      -1471.6610
      97.0000      -1543.1162
      98.0000      -1501.0186
      99.0000      -1317.3021
      100.000      -1276.8852
      101.000      -1238.1254
      102.000      -1360.6757
      103.000      -1786.3747
      104.000      -1779.3842
      105.000      -1599.6204
      106.000      -1502.9427
      107.000      -1330.2576
      108.000      -1475.7846
      109.000      -1678.1919
      110.000      -1520.8986
      111.000      -1414.0600
      112.000      -1538.1058
      113.000      -1629.7271
      114.000      -1621.2489
      115.000      -1767.2093
      116.000      -1690.5632
      117.000      -1450.6135
      118.000      -1432.1612
      119.000      -1385.1071
      120.000      -1388.4545
      121.000      -1321.4119
      122.000      -1319.0072
      123.000      -1245.7822
      124.000      -1207.6375
      125.000      -1113.0344
      126.000      -1094.6287
      127.000      -1165.6446
      128.000      -1450.0938
      129.000      -1874.1472
      130.000      -1996.7564
      131.000      -2030.1244
      132.000      -2187.4839
      133.000      -2079.5046
      134.000      -2447.4750
      135.000      -3160.5614
      136.000      -3400.6356
      137.000      -2698.8259
      138.000      -2264.8239
      139.000      -1985.2470
      140.000      -2022.6835
      141.000      -2248.2348
      142.000      -2455.8216
      143.000      -2092.6090
      144.000      -1489.4441
      145.000      -1086.0188
      146.000      -648.16385
      147.000      -374.69842
      148.000      -210.80465
      149.000      -78.296445
      150.000      -40.100601
      151.000       3.1273657
      152.000       12.288734
      153.000      -3.8480494
      154.000      -56.223596
      155.000      -168.71085
      156.000      -264.41570
      157.000      -418.70605
      158.000      -656.47933
      159.000      -905.26186
      160.000      -1065.4349
      161.000      -1364.4657
      162.000      -1660.1764
      163.000      -1788.2877
      164.000      -1999.1437
      165.000      -2464.0101
      166.000      -3306.1415
      167.000      -4737.6834
      168.000      -6227.1851
      169.000      -6819.1026
      170.000      -6953.3182
      171.000      -7320.6038
      172.000      -7478.7386
      173.000      -7103.8362
      174.000      -6519.6341
      175.000      -5951.2131
      176.000      -5093.7863
      177.000      -4361.6609
      178.000      -3921.1116
      179.000      -3534.8701
      180.000      -3103.8553
      181.000      -2660.7735
      182.000      -2338.1747
      183.000      -2120.6508
      184.000      -1677.3071
      185.000      -1192.0242
      186.000      -878.92444
      187.000      -652.54600
      188.000      -556.67769
      189.000      -566.65484
      190.000      -737.52067
      191.000      -892.09566
      192.000      -904.23294
      193.000      -1008.9834
      194.000      -1161.5438
      195.000      -1307.3994
      196.000      -1474.0138
      197.000      -1591.5231
      198.000      -1697.8878
      199.000      -1901.8392
      200.000      -2116.1215
      201.000      -2295.0456
      202.000      -2403.7316
      203.000      -2365.0245
      204.000      -2542.5272
      205.000      -2689.4529
      206.000      -2687.5981
      207.000      -2839.5484
      208.000      -3137.9872
      209.000      -3419.4037
      210.000      -3623.2622
      211.000      -3598.5668
      212.000      -3719.1853
      213.000      -3803.6065
      214.000      -3898.3291
      215.000      -4002.6536
      216.000      -4067.8261
      217.000      -3912.9229
      218.000      -3754.9869
      219.000      -3702.9666
      220.000      -3684.8768
      221.000      -3491.0332
      222.000      -3314.2524
      223.000      -3078.6433
      224.000      -2868.2286
      225.000      -2670.6141
      226.000      -2590.4880
      227.000      -2509.2325
      228.000      -2335.7282
      229.000      -2064.4447
      230.000      -1903.4374
      231.000      -1743.8294
      232.000      -1654.1712
      233.000      -1601.8577
      234.000      -1559.2323
      235.000      -1557.8092
      236.000      -1604.7887
      237.000      -1595.5996
      238.000      -1679.4148
      239.000      -1749.7993
      240.000      -1880.9481
      241.000      -2141.2171
      242.000      -2395.2338
      243.000      -2535.9928
      244.000      -2729.7007
      245.000      -2883.1708
      246.000      -2981.8461
      247.000      -3096.9966
      248.000      -3186.3062
