      0.00000      -1227.4446
      1.00000      -1151.3891
      2.00000      -1126.5704
      3.00000      -1179.4420
      4.00000      -1262.6322
      5.00000      -1286.9456
      6.00000      -1239.1835
      7.00000      -1190.7386
      8.00000      -1222.0264
      9.00000      -1207.3851
      10.0000      -1195.4735
      11.0000      -1194.8238
      12.0000      -1196.2653
      13.0000      -1199.8996
      14.0000      -1252.1189
      15.0000      -1312.3138
      16.0000      -1371.0194
      17.0000      -1395.9367
      18.0000      -1497.3151
      19.0000      -1545.5293
      20.0000      -1582.0951
      21.0000      -1537.5163
      22.0000      -1595.0776
      23.0000      -1546.6387
      24.0000      -1517.3184
      25.0000      -1422.6392
      26.0000      -1434.7572
      27.0000      -1518.8539
      28.0000      -1521.1425
      29.0000      -1509.0064
      30.0000      -1575.8591
      31.0000      -1554.5409
      32.0000      -1568.3399
      33.0000      -1568.8851
      34.0000      -1576.1514
      35.0000      -1588.6248
      36.0000      -1610.5872
      37.0000      -1610.1762
      38.0000      -1684.5481
      39.0000      -1740.9731
      40.0000      -2080.0810
      41.0000      -2106.2378
      42.0000      -1847.1093
      43.0000      -1597.3767
      44.0000      -1587.1333
      45.0000      -1653.8343
      46.0000      -1872.3314
      47.0000      -2030.0720
      48.0000      -2116.2398
      49.0000      -2205.2864
      50.0000      -2026.3303
      51.0000      -1797.8712
      52.0000      -1764.8727
      53.0000      -1742.8705
      54.0000      -1778.4030
      55.0000      -1788.4326
      56.0000      -1846.4337
      57.0000      -1877.1945
      58.0000      -2158.3907
      59.0000      -2246.0135
      60.0000      -2112.5814
      61.0000      -1974.2573
      62.0000      -2184.7128
      63.0000      -2589.6928
      64.0000      -2641.4994
      65.0000      -2300.8102
      66.0000      -2077.9369
      67.0000      -1993.4014
      68.0000      -1997.1666
      69.0000      -1952.3070
      70.0000      -1934.8317
      71.0000      -1969.6819
      72.0000      -2026.0063
      73.0000      -2168.0206
      74.0000      -2394.4891
      75.0000      -2293.3185
      76.0000      -2152.3272
      77.0000      -2093.7690
      78.0000      -2121.5384
      79.0000      -2199.6251
      80.0000      -2281.1074
      81.0000      -2425.0816
      82.0000      -2630.8401
      83.0000      -2579.6175
      84.0000      -2420.2330
      85.0000      -2213.2538
      86.0000      -2162.4973
      87.0000      -2110.6707
      88.0000      -2099.2120
      89.0000      -2118.3327
      90.0000      -2202.4714
      91.0000      -2285.7201
      92.0000      -2269.6121
      93.0000      -2251.3182
      94.0000      -2890.1994
      95.0000      -3604.7347
      96.0000      -3486.6137
      97.0000      -2766.6254
      98.0000      -2368.7634
      99.0000      -2341.3066
      100.000      -2409.2525
      101.000      -2319.2432
      102.000      -2165.2787
      103.000      -2013.7304
      104.000      -1963.6412
      105.000      -1977.0019
      106.000      -2072.2368
      107.000      -2205.9907
      108.000      -2360.3849
      109.000      -2379.9255
      110.000      -2334.8027
      111.000      -2803.4586
      112.000      -3821.6844
      113.000      -4107.5673
      114.000      -3270.2932
      115.000      -2273.4872
      116.000      -1830.3305
      117.000      -1709.6692
      118.000      -1712.1149
      119.000      -1541.1391
      120.000      -1358.8190
      121.000      -1237.2715
      122.000      -961.88470
      123.000      -818.11938
      124.000      -690.29678
      125.000      -535.29355
      126.000      -518.31613
      127.000      -484.17007
      128.000      -406.67636
      129.000      -385.91763
      130.000      -337.06286
      131.000      -333.29372
      132.000      -274.62932
      133.000      -274.21919
      134.000      -275.51941
      135.000      -261.87747
      136.000      -283.54031
      137.000      -310.18828
      138.000      -368.90556
      139.000      -343.36873
      140.000      -264.87586
      141.000      -240.72299
      142.000      -178.96261
      143.000      -184.70868
      144.000      -186.23168
      145.000      -164.28319
      146.000      -150.24436
      147.000      -146.11363
      148.000      -145.13112
      149.000      -137.82675
      150.000      -108.66443
      151.000      -68.384445
      152.000      -87.406857
      153.000      -98.011242
      154.000      -52.640906
      155.000      -85.448272
      156.000      -80.032210
      157.000      -97.050304
      158.000      -99.800180
      159.000      -103.59175
      160.000      -101.19938
      161.000      -101.76469
      162.000      -71.399087
      163.000      -122.64491
      164.000      -125.28730
      165.000      -167.50632
      166.000      -169.54708
      167.000      -127.70158
      168.000      -63.360432
      169.000      -78.796261
      170.000      -62.133396
      171.000      -77.570998
      172.000      -62.164204
      173.000      -77.500088
      174.000      -61.865190
      175.000      -86.116374
      176.000      -63.460593
      177.000      -56.931720
      178.000      -56.183571
      179.000      -45.468954
      180.000      -71.440859
      181.000      -74.011002
      182.000      -58.513520
      183.000      -99.322799
      184.000      -76.637991
      185.000      -80.362201
      186.000      -70.300510
      187.000      -71.074882
      188.000      -72.232821
      189.000      -88.200672
      190.000      -39.649117
      191.000      -73.897256
      192.000      -106.84702
      193.000      -95.798995
      194.000      -95.107432
      195.000      -119.57568
      196.000      -84.522668
      197.000      -101.31782
      198.000      -132.69511
      199.000      -98.889603
      200.000      -89.154755
      201.000      -72.368272
      202.000      -78.785130
      203.000      -96.747083
      204.000      -99.596542
      205.000      -80.479013
      206.000      -76.339546
      207.000      -86.456406
      208.000      -88.466273
      209.000      -79.808243
      210.000      -118.35983
      211.000      -107.90632
      212.000      -94.280495
      213.000      -107.90312
      214.000      -93.468537
      215.000      -95.602410
      216.000      -132.63254
      217.000      -128.97101
      218.000      -106.23110
      219.000      -124.47375
      220.000      -97.548110
      221.000      -82.642585
      222.000      -104.23088
      223.000      -80.707833
      224.000      -83.090846
      225.000      -72.807754
      226.000      -86.104233
      227.000      -94.937724
      228.000      -114.47577
      229.000      -122.35324
      230.000      -105.20341
      231.000      -108.98105
      232.000      -117.28278
      233.000      -122.25336
      234.000      -88.950165
      235.000      -96.484542
      236.000      -75.195590
      237.000      -91.794746
      238.000      -102.87136
      239.000      -107.77668
      240.000      -90.826223
      241.000      -116.76211
      242.000      -122.59752
      243.000      -116.28183
      244.000      -128.61093
      245.000      -98.494236
      246.000      -110.01208
      247.000      -106.05403
      248.000      -106.38095
      249.000      -99.517555
      250.000      -75.816077
      251.000      -83.594125
      252.000      -91.925784
      253.000      -72.802178
      254.000      -107.15579
      255.000      -104.53197
