      0.00000      -3881.9420
      1.00000      -4451.9630
      2.00000      -4317.0624
      3.00000      -4394.4231
      4.00000      -4494.9268
      5.00000      -4639.5119
      6.00000      -4779.3448
      7.00000      -4939.0138
      8.00000      -5086.4605
      9.00000      -5254.2361
      10.0000      -5381.2216
      11.0000      -5469.2065
      12.0000      -5459.8669
      13.0000      -5485.0824
      14.0000      -5672.7352
      15.0000      -6073.7215
      16.0000      -6915.7646
      17.0000      -8326.0556
      18.0000      -10097.078
      19.0000      -12035.411
      20.0000      -13560.252
      21.0000      -14336.705
      22.0000      -14340.374
      23.0000      -14803.169
      24.0000      -15085.881
      25.0000      -13908.727
      26.0000      -11091.639
      27.0000      -8829.0246
      28.0000      -7666.5353
      29.0000      -7302.6083
      30.0000      -7606.0354
      31.0000      -8737.9324
      32.0000      -9866.9833
      33.0000      -9964.8729
      34.0000      -8803.8311
      35.0000      -7757.5101
      36.0000      -7172.0097
      37.0000      -7264.5529
      38.0000      -7279.5701
      39.0000      -7050.2715
      40.0000      -6371.2970
      41.0000      -6022.8351
      42.0000      -5648.9701
      43.0000      -5514.4668
      44.0000      -5257.8410
      45.0000      -5229.6813
      46.0000      -5105.7641
      47.0000      -5342.9750
      48.0000      -5396.2282
      49.0000      -5441.2659
      50.0000      -5320.1849
      51.0000      -5507.4565
      52.0000      -5887.8913
      53.0000      -6578.1488
      54.0000      -6718.1919
      55.0000      -6658.8738
      56.0000      -6361.8256
      57.0000      -6465.0568
      58.0000      -6824.5472
      59.0000      -7575.7353
      60.0000      -8152.4806
      61.0000      -8554.2291
      62.0000      -8379.9531
      63.0000      -8164.7218
      64.0000      -8195.3010
      65.0000      -9334.7139
      66.0000      -10142.864
      67.0000      -9724.3388
      68.0000      -7796.3438
      69.0000      -6470.4672
      70.0000      -5895.3269
      71.0000      -6059.0834
      72.0000      -6002.9407
      73.0000      -6109.7220
      74.0000      -5785.7668
      75.0000      -5911.8846
      76.0000      -6078.3341
      77.0000      -6798.4637
      78.0000      -7535.4905
      79.0000      -8588.1414
      80.0000      -8823.5973
      81.0000      -8759.8862
      82.0000      -9007.3210
      83.0000      -10397.978
      84.0000      -10785.411
      85.0000      -9935.1577
      86.0000      -8273.5172
      87.0000      -7634.1962
      88.0000      -7584.6187
      89.0000      -8235.3767
      90.0000      -8856.6939
      91.0000      -9491.6923
      92.0000      -9542.0187
      93.0000      -9445.6039
      94.0000      -8918.4451
      95.0000      -8588.1301
      96.0000      -7897.3991
      97.0000      -7790.9657
      98.0000      -7936.4850
      99.0000      -8556.2686
      100.000      -8875.5810
      101.000      -9493.6915
      102.000      -10001.552
      103.000      -11660.087
      104.000      -13812.067
      105.000      -16035.844
      106.000      -16354.653
      107.000      -16051.794
      108.000      -15332.109
      109.000      -15174.531
      110.000      -14462.827
      111.000      -13754.334
      112.000      -12861.894
      113.000      -12758.263
      114.000      -14358.712
      115.000      -18334.667
      116.000      -20615.157
      117.000      -18895.192
      118.000      -14240.071
      119.000      -11101.214
      120.000      -10133.912
      121.000      -10777.908
      122.000      -10750.362
      123.000      -10732.653
      124.000      -10796.060
      125.000      -10694.011
      126.000      -10586.314
      127.000      -10350.847
      128.000      -9648.5953
      129.000      -9118.9178
      130.000      -8910.1486
      131.000      -9125.0776
      132.000      -8905.2765
      133.000      -8778.8732
      134.000      -8460.3587
      135.000      -8748.9567
      136.000      -9248.6600
      137.000      -10058.863
      138.000      -10139.807
      139.000      -9965.9635
      140.000      -9439.4587
      141.000      -9462.9420
      142.000      -9365.7140
      143.000      -9648.7093
      144.000      -9966.3652
      145.000      -11934.708
      146.000      -15187.773
      147.000      -18468.723
      148.000      -18696.806
      149.000      -16262.581
      150.000      -12781.727
      151.000      -10850.714
      152.000      -9710.2358
      153.000      -9174.1179
      154.000      -8738.9105
      155.000      -8879.8699
      156.000      -8765.4174
      157.000      -8648.3842
      158.000      -8135.0442
      159.000      -8048.2390
      160.000      -7958.0728
      161.000      -8243.6116
      162.000      -8250.2679
      163.000      -8497.0134
      164.000      -8614.1801
      165.000      -9250.2654
      166.000      -9557.7541
      167.000      -9964.7182
      168.000      -9999.8775
      169.000      -10915.552
      170.000      -12585.743
      171.000      -14977.947
      172.000      -17102.374
      173.000      -19525.219
      174.000      -20926.668
      175.000      -21090.716
      176.000      -19033.665
      177.000      -26563.416
      178.000      -14045.983
      179.000      -12945.141
      180.000      -12462.563
      181.000      -12895.634
      182.000      -13851.102
      183.000      -16391.670
      184.000      -19643.122
      185.000      -22839.785
      186.000      -23590.623
      187.000      -21759.716
      188.000      -18097.303
      189.000      -14795.001
      190.000      -12272.243
      191.000      -10969.325
      192.000      -10012.141
      193.000      -9906.2449
      194.000      -9475.0427
      195.000      -9397.9354
      196.000      -9075.5686
      197.000      -9116.8989
      198.000      -9051.2019
      199.000      -9234.9597
      200.000      -9281.1023
      201.000      -9575.9117
      202.000      -10129.883
      203.000      -11620.416
      204.000      -14135.077
      205.000      -18024.942
      206.000      -20366.044
      207.000      -20464.024
      208.000      -17682.892
      209.000      -14579.147
      210.000      -11986.872
      211.000      -10778.993
      212.000      -10202.659
      213.000      -10372.647
      214.000      -10429.144
      215.000      -10365.433
      216.000      -9898.3912
      217.000      -9793.9733
      218.000      -9961.1386
      219.000      -11316.215
      220.000      -13224.737
      221.000      -14841.285
      222.000      -14429.241
      223.000      -12973.548
      224.000      -11315.946
      225.000      -10938.110
      226.000      -11468.912
      227.000      -13004.778
      228.000      -13852.588
      229.000      -13660.851
      230.000      -12156.507
      231.000      -11229.544
      232.000      -10873.236
      233.000      -11085.654
      234.000      -10823.970
      235.000      -10704.875
      236.000      -10548.498
      237.000      -10517.196
      238.000      -9984.8365
      239.000      -9804.0560
      240.000      -9810.0655
      241.000      -10317.156
      242.000      -11102.891
      243.000      -13403.289
      244.000      -16515.532
      245.000      -19456.319
      246.000      -19952.127
      247.000      -19042.003
      248.000      -18126.531
      249.000      -19207.312
      250.000      -20542.428
      251.000      -20671.664
      252.000      -18485.089
      253.000      -16258.077
      254.000      -15967.676
      255.000      -16942.397
