      0.00000      -115.06184
      1.00000      -114.38747
      2.00000      -96.877844
      3.00000      -59.027073
      4.00000      -108.90409
      5.00000      -113.62182
      6.00000      -136.29505
      7.00000      -140.89162
      8.00000      -140.82710
      9.00000      -119.47868
      10.0000      -160.29388
      11.0000      -155.61946
      12.0000      -142.88615
      13.0000      -120.80395
      14.0000      -109.12317
      15.0000      -141.39230
      16.0000      -98.800998
      17.0000      -97.133414
      18.0000      -109.79916
      19.0000      -87.548384
      20.0000      -110.52956
      21.0000      -115.78366
      22.0000      -132.46907
      23.0000      -136.72778
      24.0000      -151.83596
      25.0000      -162.36347
      26.0000      -200.73687
      27.0000      -245.30793
      28.0000      -272.19689
      29.0000      -315.27406
      30.0000      -321.41759
      31.0000      -312.68665
      32.0000      -175.28603
      33.0000      -154.94653
      34.0000      -126.32786
      35.0000      -107.75804
      36.0000      -138.25708
      37.0000      -144.74598
      38.0000      -168.67527
      39.0000      -189.59074
      40.0000      -193.19793
      41.0000      -171.95417
      42.0000      -203.11709
      43.0000      -203.41463
      44.0000      -165.76102
      45.0000      -135.44638
      46.0000      -131.13782
      47.0000      -147.04511
      48.0000      -117.72687
      49.0000      -111.93564
      50.0000      -121.79503
      51.0000      -101.71641
      52.0000      -118.82320
      53.0000      -124.22844
      54.0000      -139.90877
      55.0000      -131.97752
      56.0000      -124.52827
      57.0000      -120.92964
      58.0000      -150.16963
      59.0000      -165.09877
      60.0000      -157.56791
      61.0000      -160.69935
      62.0000      -196.89485
      63.0000      -295.26672
      64.0000      -260.07835
      65.0000      -197.74616
      66.0000      -156.25961
      67.0000      -122.85993
      68.0000      -119.43486
      69.0000      -125.90796
      70.0000      -138.23925
      71.0000      -140.70466
      72.0000      -131.09235
      73.0000      -116.52360
      74.0000      -119.71309
      75.0000      -129.22215
      76.0000      -126.47079
      77.0000      -146.50433
      78.0000      -162.81014
      79.0000      -193.16112
      80.0000      -139.95083
      81.0000      -121.91162
      82.0000      -138.74628
      83.0000      -112.28494
      84.0000      -120.93815
      85.0000      -135.07261
      86.0000      -176.33807
      87.0000      -212.60395
      88.0000      -176.06448
      89.0000      -134.49443
      90.0000      -128.17085
      91.0000      -117.83405
      92.0000      -122.00127
      93.0000      -125.62809
      94.0000      -126.38190
      95.0000      -141.08053
      96.0000      -117.99397
      97.0000      -119.66769
      98.0000      -143.23001
      99.0000      -169.89138
      100.000      -246.43121
      101.000      -264.38979
      102.000      -195.40983
      103.000      -148.83750
      104.000      -135.13674
      105.000      -125.15720
      106.000      -127.49216
      107.000      -116.93968
      108.000      -119.36438
      109.000      -131.33207
      110.000      -127.70699
      111.000      -162.78390
      112.000      -123.28768
      113.000      -138.15911
      114.000      -156.89071
      115.000      -147.78670
      116.000      -147.43473
      117.000      -142.96383
      118.000      -126.60553
      119.000      -141.07498
      120.000      -141.78326
      121.000      -134.84275
      122.000      -145.31971
      123.000      -108.66893
      124.000      -116.22457
      125.000      -125.78542
      126.000      -120.01078
      127.000      -145.05015
      128.000      -125.85043
      129.000      -124.74267
      130.000      -137.06775
      131.000      -110.12423
      132.000      -119.52281
      133.000      -126.34600
      134.000      -133.86199
      135.000      -136.94571
      136.000      -131.15143
      137.000      -118.01398
      138.000      -118.47329
      139.000      -111.92600
      140.000      -126.83902
      141.000      -135.49743
      142.000      -118.75399
      143.000      -133.68637
      144.000      -117.47943
      145.000      -116.70420
      146.000      -141.68028
      147.000      -118.56005
      148.000      -108.30160
      149.000      -116.83755
      150.000      -113.05666
      151.000      -131.20803
      152.000      -129.55043
      153.000      -120.88558
      154.000      -113.44126
      155.000      -108.57865
      156.000      -110.45728
      157.000      -124.79221
      158.000      -118.11911
      159.000      -138.18174
      160.000      -112.14702
      161.000      -99.408720
      162.000      -119.45644
      163.000      -102.19792
      164.000      -105.81124
      165.000      -121.42770
      166.000      -114.76743
      167.000      -115.48286
      168.000      -122.99195
      169.000      -116.89679
      170.000      -110.52852
      171.000      -115.60907
      172.000      -114.58933
      173.000      -123.79784
      174.000      -112.58438
      175.000      -137.61421
      176.000      -109.41805
      177.000      -116.37253
      178.000      -145.44100
      179.000      -131.15254
      180.000      -138.33063
      181.000      -179.53722
      182.000      -232.55205
      183.000      -297.88559
      184.000      -220.59610
      185.000      -143.47812
      186.000      -111.61217
      187.000      -121.81873
      188.000      -116.15937
      189.000      -129.59471
      190.000      -117.31494
      191.000      -126.97132
      192.000      -108.95044
      193.000      -105.91279
      194.000      -147.38935
      195.000      -156.77324
      196.000      -192.32953
      197.000      -191.86942
      198.000      -150.28081
      199.000      -137.59554
      200.000      -128.88594
      201.000      -128.68672
      202.000      -106.92361
      203.000      -103.49535
      204.000      -113.90083
      205.000      -141.87915
      206.000      -155.28686
      207.000      -166.67321
      208.000      -124.73856
      209.000      -100.68581
      210.000      -141.47462
      211.000      -121.15373
      212.000      -110.13850
      213.000      -149.81185
      214.000      -173.57214
      215.000      -235.01145
      216.000      -286.80746
      217.000      -297.12286
      218.000      -248.81622
      219.000      -269.36397
      220.000      -305.07730
      221.000      -280.57112
      222.000      -208.91977
      223.000      -177.89622
      224.000      -136.67209
      225.000      -110.76768
      226.000      -169.54236
      227.000      -162.58818
      228.000      -171.11483
      229.000      -199.15038
      230.000      -163.19809
      231.000      -138.44637
      232.000      -131.17074
      233.000      -126.61302
      234.000      -100.17178
      235.000      -93.254752
      236.000      -125.19635
      237.000      -167.16764
      238.000      -161.22431
      239.000      -147.02029
      240.000      -117.16601
      241.000      -95.768369
      242.000      -137.79417
      243.000      -123.94794
      244.000      -76.110393
      245.000      -130.23209
      246.000      -148.20677
      247.000      -177.18126
      248.000      -180.90808
      249.000      -188.47806
      250.000      -134.22352
      251.000      -130.01038
      252.000      -152.66120
      253.000      -209.09817
      254.000      -206.58400
      255.000      -232.39109
