      0.00000      -125.81205
      1.00000      -131.08028
      2.00000      -104.35007
      3.00000      -28.178309
      4.00000      -120.34901
      5.00000      -106.46226
      6.00000      -142.13154
      7.00000      -154.49324
      8.00000      -150.73267
      9.00000      -120.83545
      10.0000      -154.01224
      11.0000      -148.69816
      12.0000      -149.04040
      13.0000      -131.04913
      14.0000      -107.69018
      15.0000      -183.30112
      16.0000      -89.964974
      17.0000      -103.77038
      18.0000      -115.77091
      19.0000      -92.697126
      20.0000      -119.12839
      21.0000      -118.57505
      22.0000      -156.74973
      23.0000      -153.68181
      24.0000      -166.61884
      25.0000      -167.23057
      26.0000      -225.97552
      27.0000      -251.69236
      28.0000      -285.43170
      29.0000      -354.51136
      30.0000      -349.89193
      31.0000      -353.20352
      32.0000      -200.22383
      33.0000      -168.52229
      34.0000      -144.72652
      35.0000      -129.02102
      36.0000      -154.90538
      37.0000      -156.21398
      38.0000      -188.82361
      39.0000      -200.74330
      40.0000      -208.12469
      41.0000      -194.39767
      42.0000      -226.35509
      43.0000      -234.77053
      44.0000      -183.28666
      45.0000      -155.25449
      46.0000      -148.58538
      47.0000      -164.92687
      48.0000      -130.00580
      49.0000      -129.47180
      50.0000      -139.52874
      51.0000      -108.54202
      52.0000      -127.26181
      53.0000      -143.78882
      54.0000      -155.83502
      55.0000      -143.84256
      56.0000      -137.96247
      57.0000      -129.02839
      58.0000      -164.73480
      59.0000      -177.28088
      60.0000      -176.33730
      61.0000      -189.68867
      62.0000      -221.59595
      63.0000      -329.67095
      64.0000      -286.76031
      65.0000      -216.71206
      66.0000      -175.80144
      67.0000      -132.34647
      68.0000      -133.41193
      69.0000      -145.66574
      70.0000      -157.03028
      71.0000      -159.94880
      72.0000      -149.22332
      73.0000      -127.79312
      74.0000      -131.77163
      75.0000      -141.72929
      76.0000      -144.16101
      77.0000      -164.60911
      78.0000      -182.99820
      79.0000      -222.81772
      80.0000      -152.29256
      81.0000      -132.99400
      82.0000      -161.66553
      83.0000      -126.28248
      84.0000      -133.61761
      85.0000      -149.79033
      86.0000      -196.81135
      87.0000      -239.15627
      88.0000      -197.57698
      89.0000      -150.69387
      90.0000      -138.83665
      91.0000      -165.23446
      92.0000      -132.50186
      93.0000      -145.49689
      94.0000      -141.60092
      95.0000      -158.22724
      96.0000      -125.42304
      97.0000      -128.42334
      98.0000      -163.36224
      99.0000      -185.29247
      100.000      -272.27944
      101.000      -297.67389
      102.000      -211.75868
      103.000      -164.89812
      104.000      -151.19698
      105.000      -142.44454
      106.000      -144.43928
      107.000      -132.52923
      108.000      -136.05964
      109.000      -153.08267
      110.000      -148.24737
      111.000      -183.23585
      112.000      -140.26552
      113.000      -149.04592
      114.000      -173.96770
      115.000      -163.32413
      116.000      -168.41340
      117.000      -162.45881
      118.000      -142.46101
      119.000      -155.19931
      120.000      -164.60388
      121.000      -157.69482
      122.000      -162.43165
      123.000      -123.35306
      124.000      -131.83042
      125.000      -151.57840
      126.000      -132.95660
      127.000      -164.08775
      128.000      -142.44307
      129.000      -136.35542
      130.000      -156.76598
      131.000      -127.75965
      132.000      -128.45913
      133.000      -143.85554
      134.000      -153.84258
      135.000      -151.46590
      136.000      -146.48236
      137.000      -134.18995
      138.000      -132.49744
      139.000      -121.26551
      140.000      -141.11279
      141.000      -153.91175
      142.000      -132.22184
      143.000      -152.58888
      144.000      -134.84909
      145.000      -136.34658
      146.000      -159.36400
      147.000      -135.50821
      148.000      -120.16955
      149.000      -131.68826
      150.000      -128.22191
      151.000      -147.83518
      152.000      -146.14409
      153.000      -139.20848
      154.000      -127.69537
      155.000      -122.14600
      156.000      -123.52906
      157.000      -142.39272
      158.000      -133.45324
      159.000      -154.49402
      160.000      -123.10215
      161.000      -114.46870
      162.000      -135.37197
      163.000      -122.42201
      164.000      -118.38730
      165.000      -139.37568
      166.000      -131.38227
      167.000      -130.88775
      168.000      -137.18201
      169.000      -131.31534
      170.000      -124.36556
      171.000      -132.26986
      172.000      -128.18489
      173.000      -141.92870
      174.000      -130.10926
      175.000      -157.11854
      176.000      -130.10439
      177.000      -124.77195
      178.000      -166.55092
      179.000      -145.29352
      180.000      -152.86597
      181.000      -204.07234
      182.000      -264.80265
      183.000      -323.31253
      184.000      -248.67444
      185.000      -162.69016
      186.000      -126.66441
      187.000      -131.60807
      188.000      -129.24645
      189.000      -142.15208
      190.000      -128.59874
      191.000      -134.82375
      192.000      -114.60241
      193.000      -110.68001
      194.000      -168.03165
      195.000      -168.91990
      196.000      -203.45739
      197.000      -210.98035
      198.000      -166.04077
      199.000      -156.70120
      200.000      -140.29905
      201.000      -137.74426
      202.000      -125.81954
      203.000      -115.61449
      204.000      -126.23148
      205.000      -155.91762
      206.000      -171.87591
      207.000      -181.59319
      208.000      -144.00367
      209.000      -115.09898
      210.000      -168.94808
      211.000      -144.68130
      212.000      -118.45036
      213.000      -174.00071
      214.000      -202.70914
      215.000      -263.34629
      216.000      -318.54500
      217.000      -332.38529
      218.000      -268.04825
      219.000      -278.30823
      220.000      -324.43461
      221.000      -310.33500
      222.000      -228.73079
      223.000      -194.82916
      224.000      -154.32323
      225.000      -113.61678
      226.000      -198.88274
      227.000      -182.78498
      228.000      -180.75223
      229.000      -225.35635
      230.000      -182.50624
      231.000      -164.43396
      232.000      -142.87654
      233.000      -146.46015
      234.000      -115.64591
      235.000      -102.33831
      236.000      -136.00138
      237.000      -246.70800
      238.000      -183.57748
      239.000      -163.56514
      240.000      -132.77566
      241.000      -90.458267
      242.000      -136.15277
      243.000      -136.33904
      244.000      -90.694459
      245.000      -158.18110
      246.000      -173.33540
      247.000      -195.69093
      248.000      -191.56588
      249.000      -205.50743
      250.000      -127.94545
      251.000      -122.91291
      252.000      -169.54615
      253.000      -219.77485
      254.000      -214.42567
      255.000      -257.38119
