#Tue, 13 Jul 2010 13:15:53 +0000


0, 1.0, 0
1, 1.0, 0
2, 1.0, 0
3, 1.0, 0
4, 1.0, 0
5, 0.999999999996, 0
6, 0.999999997132, 0
7, 0.999999145552, 0
8, 0.999906347172, 0
9, 0.996223741197, 0
10, 0.943984511977, 0
11, 0.694324933401, 0
12, 0.386354681869, 0
13, 0.546809963998, 0
14, 0.87687427564, 0
15, 0.98769383419, 0
16, 0.999547517024, 0
17, 0.999993879495, 0
18, 0.999999969544, 0
19, 0.999999999944, 0
20, 1.0, 0
21, 1.0, 0
22, 1.0, 0
23, 1.0, 0
24, 1.0, 0
25, 1.0, 0
26, 1.0, 0
27, 1.0, 0
28, 1.0, 0
29, 1.0, 0
30, 1.0, 0
31, 1.0, 0
32, 1.0, 0
33, 1.0, 0
34, 1.0, 0
35, 1.0, 0
36, 1.0, 0
37, 1.0, 0
38, 1.0, 0
39, 1.0, 0
40, 1.0, 0
41, 1.0, 0
42, 1.0, 0
43, 1.0, 0
44, 1.0, 0
45, 1.0, 0
46, 1.0, 0
47, 1.0, 0
48, 1.0, 0
49, 1.0, 0
50, 1.0, 0
51, 1.0, 0
52, 1.0, 0
53, 1.0, 0
54, 1.0, 0
55, 1.0, 0
56, 1.0, 0
57, 1.0, 0
58, 1.0, 0
59, 1.0, 0
60, 1.0, 0
61, 1.0, 0
62, 1.0, 0
63, 1.0, 0
64, 1.0, 0
65, 1.0, 0
66, 1.0, 0
67, 1.0, 0
68, 1.0, 0
69, 1.0, 0
70, 1.0, 0
71, 1.0, 0
72, 1.0, 0
73, 1.0, 0
74, 1.0, 0
75, 1.0, 0
76, 1.0, 0
77, 1.0, 0
78, 0.999999999999, 0
79, 0.999999999058, 0
80, 0.9999996483, 0
81, 0.999951678806, 0
82, 0.997557648559, 0
83, 0.954586583933, 0
84, 0.689354044107, 0
85, 0.218277243039, 0
86, 0.276322076999, 0
87, 0.753541721297, 0
88, 0.969122152632, 0
89, 0.998576832101, 0
90, 0.999975869252, 0
91, 0.999999849481, 0
92, 0.999999999655, 0
93, 1.0, 0
94, 1.0, 0
95, 1.0, 0
96, 1.0, 0
97, 1.0, 0
98, 1.0, 0
99, 1.0, 0
100, 1.0, 0
101, 1.0, 0
102, 1.0, 0
103, 1.0, 0
104, 1.0, 0
105, 1.0, 0
106, 1.0, 0
107, 1.0, 0
108, 1.0, 0
109, 1.0, 0
110, 1.0, 0
111, 1.0, 0
112, 1.0, 0
113, 1.0, 0
114, 1.0, 0
115, 1.0, 0
116, 1.0, 0
117, 1.0, 0
118, 1.0, 0
119, 1.0, 0
120, 1.0, 0
121, 1.0, 0
122, 1.0, 0
123, 1.0, 0
124, 1.0, 0
125, 1.0, 0
126, 1.0, 0
127, 1.0, 0
128, 1.0, 0
129, 1.0, 0
130, 1.0, 0
131, 1.0, 0
132, 1.0, 0
133, 1.0, 0
134, 1.0, 0
135, 1.0, 0
136, 1.0, 0
137, 1.0, 0
138, 1.0, 0
139, 1.0, 0
140, 1.0, 0
141, 1.0, 0
142, 1.0, 0
143, 1.0, 0
144, 1.0, 0
145, 1.0, 0
146, 1.0, 0
147, 1.0, 0
148, 1.0, 0
149, 1.0, 0
150, 1.0, 0
151, 1.0, 0
152, 1.0, 0
153, 1.0, 0
154, 1.0, 0
155, 1.0, 0
156, 1.0, 0
157, 1.0, 0
158, 1.0, 0


0, 1.0, 1
1, 1.0, 1
2, 1.0, 1
3, 1.0, 1
4, 1.0, 1
5, 1.0, 1
6, 1.0, 1
7, 1.0, 1
8, 1.0, 1
9, 1.0, 1
10, 1.0, 1
11, 1.0, 1
12, 1.0, 1
13, 1.0, 1
14, 1.0, 1
15, 1.0, 1
16, 1.0, 1
17, 1.0, 1
18, 1.0, 1
19, 1.0, 1
20, 1.0, 1
21, 1.0, 1
22, 1.0, 1
23, 1.0, 1
24, 1.0, 1
25, 1.0, 1
26, 1.0, 1
27, 1.0, 1
28, 1.0, 1
29, 1.0, 1
30, 1.0, 1
31, 1.0, 1
32, 1.0, 1
33, 1.0, 1
34, 1.0, 1
35, 1.0, 1
36, 1.0, 1
37, 1.0, 1
38, 1.0, 1
39, 1.0, 1
40, 1.0, 1
41, 1.0, 1
42, 1.0, 1
43, 1.0, 1
44, 1.0, 1
45, 1.0, 1
46, 1.0, 1
47, 1.0, 1
48, 1.0, 1
49, 1.0, 1
50, 1.0, 1
51, 1.0, 1
52, 1.0, 1
53, 1.0, 1
54, 1.0, 1
55, 1.0, 1
56, 1.0, 1
57, 1.0, 1
58, 1.0, 1
59, 1.0, 1
60, 1.0, 1
61, 1.0, 1
62, 1.0, 1
63, 1.0, 1
64, 1.0, 1
65, 1.0, 1
66, 1.0, 1
67, 1.0, 1
68, 1.0, 1
69, 1.0, 1
70, 1.0, 1
71, 1.0, 1
72, 1.0, 1
73, 1.0, 1
74, 1.0, 1
75, 1.0, 1
76, 1.0, 1
77, 1.0, 1
78, 1.0, 1
79, 1.0, 1
80, 1.0, 1
81, 1.0, 1
82, 1.0, 1
83, 1.0, 1
84, 1.0, 1
85, 1.0, 1
86, 0.999999999969, 1
87, 0.999999984663, 1
88, 0.999997189054, 1
89, 0.999810479155, 1
90, 0.9952992499, 1
91, 0.957106807481, 1
92, 0.855964440932, 1
93, 0.820138719005, 1
94, 0.88619479731, 1
95, 0.799628503189, 1
96, 0.63212238213, 1
97, 0.737452536317, 1
98, 0.914630018175, 1
99, 0.810127423787, 1
100, 0.297404201726, 1
101, 0.0156835819854, 1
102, 0.492644044817, 1
103, 0.903795292677, 1
104, 0.993289028303, 1
105, 0.999827781418, 1
106, 0.999998374151, 1
107, 0.999999994353, 1
108, 0.999999999993, 1
109, 1.0, 1
110, 1.0, 1
111, 1.0, 1
112, 1.0, 1
113, 1.0, 1
114, 1.0, 1
115, 1.0, 1
116, 1.0, 1
117, 1.0, 1
118, 1.0, 1
119, 1.0, 1
120, 1.0, 1
121, 1.0, 1
122, 1.0, 1
123, 1.0, 1
124, 1.0, 1
125, 1.0, 1
126, 1.0, 1
127, 1.0, 1
128, 1.0, 1
129, 0.999999999992, 1
130, 0.999999994223, 1
131, 0.9999985459, 1
132, 0.999865351073, 1
133, 0.995413122091, 1
134, 0.942517323507, 1
135, 0.734989976562, 1
136, 0.550537836781, 1
137, 0.719566757876, 1
138, 0.935631799752, 1
139, 0.994564759598, 1
140, 0.999831161429, 1
141, 0.999998070565, 1
142, 0.999999991889, 1
143, 0.999999999987, 1
144, 1.0, 1
145, 1.0, 1
146, 1.0, 1
147, 1.0, 1
148, 1.0, 1
149, 1.0, 1
150, 1.0, 1
151, 1.0, 1
152, 1.0, 1
153, 1.0, 1
154, 1.0, 1
155, 1.0, 1
156, 1.0, 1
157, 1.0, 1
158, 1.0, 1
159, 1.0, 1
160, 1.0, 1
161, 1.0, 1
162, 1.0, 1
163, 1.0, 1
164, 1.0, 1
165, 1.0, 1
166, 1.0, 1
167, 1.0, 1
168, 1.0, 1
169, 1.0, 1
170, 1.0, 1
171, 1.0, 1
172, 1.0, 1
173, 1.0, 1
174, 1.0, 1
175, 1.0, 1
176, 1.0, 1
177, 1.0, 1
178, 1.0, 1
179, 1.0, 1
180, 1.0, 1
181, 1.0, 1
182, 1.0, 1
183, 1.0, 1
184, 1.0, 1
185, 1.0, 1
186, 1.0, 1
187, 1.0, 1
188, 1.0, 1
189, 1.0, 1
190, 1.0, 1
191, 1.0, 1
192, 1.0, 1
193, 1.0, 1
194, 1.0, 1
195, 1.0, 1
196, 1.0, 1
197, 1.0, 1
198, 1.0, 1
199, 1.0, 1
200, 1.0, 1
201, 1.0, 1
202, 1.0, 1
203, 1.0, 1
204, 1.0, 1
205, 1.0, 1
206, 1.0, 1
207, 1.0, 1
208, 1.0, 1
209, 1.0, 1
210, 1.0, 1
211, 1.0, 1
212, 1.0, 1
213, 1.0, 1
214, 1.0, 1
215, 1.0, 1
216, 1.0, 1
217, 0.999999999998, 1
218, 0.999999998666, 1
219, 0.999999597234, 1
220, 0.999955256687, 1
221, 0.99817144297, 1
222, 0.972508755771, 1
223, 0.847950218504, 1
224, 0.690626776269, 1
225, 0.768428470947, 1
226, 0.936233420466, 1
227, 0.993540385532, 1
228, 0.999759272562, 1
229, 0.999996699725, 1
230, 0.999999983355, 1
231, 0.999999999969, 1
232, 1.0, 1
233, 1.0, 1
234, 1.0, 1
235, 1.0, 1
236, 1.0, 1
237, 1.0, 1
238, 1.0, 1
239, 1.0, 1
240, 1.0, 1
241, 1.0, 1
242, 1.0, 1
243, 1.0, 1
244, 1.0, 1
245, 1.0, 1
246, 1.0, 1
247, 1.0, 1
248, 1.0, 1
249, 1.0, 1
250, 1.0, 1
251, 1.0, 1
252, 1.0, 1
253, 1.0, 1
254, 1.0, 1


0, 0.966865461508, 2
1, 0.784909971435, 2
2, 0.486352537948, 2
3, 0.548751746493, 2
4, 0.85416175159, 2
5, 0.982660647997, 2
6, 0.999241597414, 2
7, 0.999987796841, 2
8, 0.999999927765, 2
9, 0.999999999836, 2
10, 0.999999994909, 2
11, 0.999998514559, 2
12, 0.999840556489, 2
13, 0.993704011306, 2
14, 0.90854097887, 2
15, 0.511241102582, 2
16, 0.0391218404734, 2
17, 0.305059377054, 2
18, 0.815015425092, 2
19, 0.978261457132, 2
20, 0.951768655058, 2
21, 0.775100156677, 2
22, 0.60920112417, 2
23, 0.750175031992, 2
24, 0.941247828683, 2
25, 0.9949170303, 2
26, 0.999838223052, 2
27, 0.99999810582, 2
28, 0.999999991841, 2
29, 0.999999999987, 2
30, 1.0, 2
31, 1.0, 2
32, 1.0, 2
33, 1.0, 2
34, 1.0, 2
35, 1.0, 2
36, 1.0, 2
37, 1.0, 2
38, 1.0, 2
39, 1.0, 2
40, 1.0, 2
41, 1.0, 2
42, 1.0, 2
43, 0.999999999893, 2
44, 0.999999954035, 2
45, 0.999992743089, 2
46, 0.999578518219, 2
47, 0.990994427104, 2
48, 0.929213668897, 2
49, 0.795311719151, 2
50, 0.782258068133, 2
51, 0.914788799634, 2
52, 0.987732478924, 2
53, 0.999350285497, 2
54, 0.999987282726, 2
55, 0.999991570938, 2
56, 0.999562344239, 2
57, 0.991549326314, 2
58, 0.939971737897, 2
59, 0.843135118335, 2
60, 0.849200049013, 2
61, 0.946668697237, 2
62, 0.993061450307, 2
63, 0.999667906228, 2
64, 0.999994152661, 2
65, 0.999999962124, 2
66, 0.999999999306, 2
67, 0.999999805069, 2
68, 0.999976837353, 2
69, 0.998987487181, 2
70, 0.983717540102, 2
71, 0.903664362419, 2
72, 0.789821044993, 2
73, 0.819294666537, 2
74, 0.828468338889, 2
75, 0.604058922949, 2
76, 0.558226699095, 2
77, 0.817262141766, 2
78, 0.972185681511, 2
79, 0.998442530996, 2
80, 0.999967916912, 2
81, 0.999999756868, 2
82, 0.999999997985, 2
83, 0.999999601956, 2
84, 0.99995503455, 2
85, 0.998032801228, 2
86, 0.966054858337, 2
87, 0.772961726265, 2
88, 0.407732122731, 2
89, 0.292667742266, 2
90, 0.644181213518, 2
91, 0.921592053065, 2
92, 0.89607856553, 2
93, 0.756537646038, 2
94, 0.782290405255, 2
95, 0.92835809541, 2
96, 0.99132711381, 2
97, 0.999613752477, 2
98, 0.999993671901, 2
99, 0.999999961859, 2
100, 0.999999999915, 2
101, 1.0, 2
102, 0.999999999712, 2
103, 0.999999871164, 2
104, 0.999978712861, 2
105, 0.998701902217, 2
106, 0.970951738219, 2
107, 0.769537406401, 2
108, 0.366781176782, 2
109, 0.292213023537, 2
110, 0.670095015415, 2
111, 0.946266511475, 2
112, 0.996921752734, 2
113, 0.999935505411, 2
114, 0.999999502058, 2
115, 0.999999998583, 2
116, 0.999999999999, 2
117, 1.0, 2
118, 1.0, 2
119, 1.0, 2
120, 1.0, 2
121, 1.0, 2
122, 1.0, 2
123, 1.0, 2
124, 1.0, 2
125, 1.0, 2
126, 1.0, 2
127, 1.0, 2
128, 1.0, 2
129, 1.0, 2
130, 1.0, 2
131, 1.0, 2
132, 1.0, 2
133, 1.0, 2
134, 1.0, 2
135, 1.0, 2
136, 1.0, 2
137, 1.0, 2
138, 1.0, 2
139, 1.0, 2
140, 1.0, 2
141, 1.0, 2
142, 1.0, 2
143, 1.0, 2
144, 1.0, 2
145, 0.999999999969, 2
146, 0.999999980365, 2
147, 0.999995402472, 2
148, 0.999603977772, 2
149, 0.987450678701, 2
150, 0.853706027475, 2
151, 0.372609200522, 2
152, 0.0101819340281, 2
153, 0.425515752243, 2
154, 0.877339030447, 2
155, 0.990365061396, 2
156, 0.999691072518, 2
157, 0.998252698342, 2
158, 0.963334879033, 2
159, 0.716483364738, 2
160, 0.193490253486, 2
161, 0.155992681883, 2
162, 0.675071113317, 2
163, 0.953981129941, 2
164, 0.997602331723, 2
165, 0.999954043414, 2
166, 0.99999967595, 2
167, 0.999999999159, 2
168, 0.999999999999, 2
169, 1.0, 2
170, 1.0, 2
171, 1.0, 2
172, 1.0, 2
173, 1.0, 2
174, 1.0, 2
175, 0.999999999984, 2
176, 0.99999999001, 2
177, 0.999997682751, 2
178, 0.999802255095, 2
179, 0.993792119342, 2
180, 0.92830531947, 2
181, 0.695395701755, 2
182, 0.523908101388, 2
183, 0.726219228351, 2
184, 0.939891506495, 2
185, 0.951258186684, 2
186, 0.689334290409, 2
187, 0.201439343567, 2
188, 0.244643347595, 2
189, 0.737153697148, 2
190, 0.966352158791, 2
191, 0.998415405818, 2
192, 0.99997254734, 2
193, 0.999999825033, 2
194, 0.99999999959, 2
195, 1.0, 2
196, 1.0, 2
197, 1.0, 2
198, 0.99999999998, 2
199, 0.999999986754, 2
200, 0.999996814507, 2
201, 0.999718188559, 2
202, 0.99082837856, 2
203, 0.890190695823, 2
204, 0.516342778774, 2
205, 0.216314644577, 2
206, 0.532855430861, 2
207, 0.897560748778, 2
208, 0.99173606287, 2
209, 0.999754747676, 2
210, 0.999997322406, 2
211, 0.999999989246, 2
212, 0.999999999984, 2
213, 1.0, 2
214, 1.0, 2
215, 1.0, 2
216, 0.999999999999, 2
217, 0.999999999353, 2
218, 0.999999777158, 2
219, 0.999971242696, 2
220, 0.998586549139, 2
221, 0.97289069018, 2
222, 0.797151928605, 2
223, 0.416233891932, 2
224, 0.202990542878, 2
225, 0.480947678094, 2
226, 0.876615400049, 2
227, 0.98936503252, 2
228, 0.999658688394, 2
229, 0.999995932937, 2
230, 0.999999982089, 2
231, 0.999999999971, 2
232, 1.0, 2
233, 1.0, 2
234, 1.0, 2
235, 0.999999999995, 2
236, 0.999999996989, 2
237, 0.999999279947, 2
238, 0.999936656603, 2
239, 0.997950048104, 2
240, 0.975594286536, 2
241, 0.893108083382, 2
242, 0.827772007902, 2
243, 0.897913543178, 2
244, 0.97773933976, 2
245, 0.99821427956, 2
246, 0.999947301966, 2
247, 0.999999427888, 2
248, 0.999999997715, 2
249, 0.999999999997, 2
250, 1.0, 2
251, 1.0, 2
252, 1.0, 2
253, 1.0, 2
254, 1.0, 2


0, 1.0, 3
1, 1.0, 3
2, 1.0, 3
3, 1.0, 3
4, 1.0, 3
5, 1.0, 3
6, 1.0, 3
7, 1.0, 3
8, 1.0, 3
9, 1.0, 3
10, 1.0, 3
11, 1.0, 3
12, 1.0, 3
13, 1.0, 3
14, 1.0, 3
15, 0.999999999989, 3
16, 0.999999991981, 3
17, 0.999997907502, 3
18, 0.999799135988, 3
19, 0.992906757453, 3
20, 0.907850495161, 3
21, 0.55960059913, 3
22, 0.225705897991, 3
23, 0.499192642125, 3
24, 0.880837126086, 3
25, 0.989569220741, 3
26, 0.999664109239, 3
27, 0.9999960209, 3
28, 0.999999982659, 3
29, 0.999999999927, 3
30, 0.999999974944, 3
31, 0.999994855771, 3
32, 0.999611462426, 3
33, 0.989204288465, 3
34, 0.889649314038, 3
35, 0.585041828889, 3
36, 0.425964009041, 3
37, 0.707867791073, 3
38, 0.94530781419, 3
39, 0.996233164656, 3
40, 0.999904559323, 3
41, 0.999999110398, 3
42, 0.99999999695, 3
43, 0.999999999996, 3
44, 1.0, 3
45, 1.0, 3
46, 1.0, 3
47, 0.999999999775, 3
48, 0.999999902639, 3
49, 0.999984474625, 3
50, 0.99908923759, 3
51, 0.98034497433, 3
52, 0.843955792735, 3
53, 0.544249446012, 3
54, 0.510320100548, 3
55, 0.806445680606, 3
56, 0.971855130045, 3
57, 0.998491148387, 3
58, 0.999749956038, 3
59, 0.994563360829, 3
60, 0.950673843486, 3
61, 0.835355740309, 3
62, 0.797827801601, 3
63, 0.908672453278, 3
64, 0.984822939417, 3
65, 0.999072147244, 3
66, 0.999979132233, 3
67, 0.999999827345, 3
68, 0.999999999474, 3
69, 0.999999999999, 3
70, 1.0, 3
71, 1.0, 3
72, 1.0, 3
73, 1.0, 3
74, 1.0, 3
75, 1.0, 3
76, 1.0, 3
77, 1.0, 3
78, 0.999999999953, 3
79, 0.999999976747, 3
80, 0.999995773118, 3
81, 0.999717335626, 3
82, 0.993046113588, 3
83, 0.937065378097, 3
84, 0.790464708559, 3
85, 0.743356510492, 3
86, 0.884359798198, 3
87, 0.980831287301, 3
88, 0.998831085964, 3
89, 0.999973777281, 3
90, 0.999999783416, 3
91, 0.999999917229, 3
92, 0.999985729471, 3
93, 0.999087633273, 3
94, 0.978541100964, 3
95, 0.814307647616, 3
96, 0.408412299788, 3
97, 0.299106337629, 3
98, 0.553030512071, 3
99, 0.403511112168, 3
100, 0.422327687379, 3
101, 0.787436667863, 3
102, 0.963408176537, 3
103, 0.953830444432, 3
104, 0.908888569554, 3
105, 0.926241861166, 3
106, 0.893577422573, 3
107, 0.530257302359, 3
108, 0.0962295754736, 3
109, 0.358964059283, 3
110, 0.832731201019, 3
111, 0.983943205249, 3
112, 0.999403104912, 3
113, 0.998438667952, 3
114, 0.970282349517, 3
115, 0.790931402742, 3
116, 0.458910435925, 3
117, 0.484824450585, 3
118, 0.819500400107, 3
119, 0.973796628482, 3
120, 0.947899201266, 3
121, 0.682733907426, 3
122, 0.274763848836, 3
123, 0.390099948891, 3
124, 0.811312368387, 3
125, 0.978524973174, 3
126, 0.999100855406, 3
127, 0.999986129268, 3
128, 0.999996343895, 3
129, 0.999779311011, 3
130, 0.994991923927, 3
131, 0.958191266825, 3
132, 0.871598937414, 3
133, 0.854930623258, 3
134, 0.939704015483, 3
135, 0.990780517286, 3
136, 0.999481402718, 3
137, 0.999989268525, 3
138, 0.999999918305, 3
139, 0.999999999771, 3
140, 1.0, 3
141, 1.0, 3
142, 1.0, 3
143, 1.0, 3
144, 1.0, 3
145, 1.0, 3
146, 1.0, 3
147, 1.0, 3
148, 1.0, 3
149, 1.0, 3
150, 1.0, 3
151, 1.0, 3
152, 1.0, 3
153, 1.0, 3
154, 1.0, 3
155, 1.0, 3
156, 1.0, 3
157, 1.0, 3
158, 1.0, 3
159, 1.0, 3
160, 1.0, 3
161, 1.0, 3
162, 1.0, 3
163, 1.0, 3
164, 0.999999999991, 3
165, 0.999999996224, 3
166, 0.999999398217, 3
167, 0.999964719665, 3
168, 0.999239094607, 3
169, 0.993962819791, 3
170, 0.982378489414, 3
171, 0.981078409093, 3
172, 0.992525576862, 3
173, 0.998913816428, 3
174, 0.999941932076, 3
175, 0.999998749452, 3
176, 0.999983777175, 3
177, 0.999108866486, 3
178, 0.981982861354, 3
179, 0.865990868382, 3
180, 0.633318935491, 3
181, 0.630896560596, 3
182, 0.863317403978, 3
183, 0.981379820487, 3
184, 0.999066831594, 3
185, 0.999982795514, 3
186, 0.999999883311, 3
187, 0.999999999709, 3
188, 1.0, 3
189, 1.0, 3
190, 1.0, 3
191, 1.0, 3
192, 1.0, 3
193, 1.0, 3
194, 1.0, 3
195, 1.0, 3
196, 0.999999999781, 3
197, 0.999999907025, 3
198, 0.999985446827, 3
199, 0.999161983722, 3
200, 0.982247777521, 3
201, 0.861656573661, 3
202, 0.603384355208, 3
203, 0.58170114767, 3
204, 0.837703549061, 3
205, 0.976834755369, 3
206, 0.998783617182, 3
207, 0.999976503174, 3
208, 0.999999831971, 3
209, 0.999999642147, 3
210, 0.999955386649, 3
211, 0.997951381528, 3
212, 0.965393088034, 3
213, 0.78493480605, 3
214, 0.508319559837, 3
215, 0.586474956294, 3
216, 0.871979200591, 3
217, 0.982373939605, 3
218, 0.956237990947, 3
219, 0.773858037372, 3
220, 0.538970890593, 3
221, 0.596420222265, 3
222, 0.861962618061, 3
223, 0.982829062447, 3
224, 0.999208633797, 3
225, 0.999986414545, 3
226, 0.999999913462, 3
227, 0.999999999796, 3
228, 1.0, 3
229, 1.0, 3
230, 1.0, 3
231, 1.0, 3
232, 1.0, 3
233, 1.0, 3
234, 1.0, 3
235, 1.0, 3
236, 1.0, 3
237, 1.0, 3
238, 1.0, 3
239, 1.0, 3
240, 1.0, 3
241, 1.0, 3
242, 1.0, 3
243, 1.0, 3
244, 1.0, 3
245, 1.0, 3
246, 1.0, 3
247, 1.0, 3
248, 1.0, 3
249, 1.0, 3
250, 1.0, 3
251, 1.0, 3
252, 1.0, 3
253, 1.0, 3
254, 1.0, 3


0, 1.0, 4
1, 1.0, 4
2, 1.0, 4
3, 1.0, 4
4, 1.0, 4
5, 0.999999999998, 4
6, 0.999999998341, 4
7, 0.999999466857, 4
8, 0.999936974931, 4
9, 0.997259128841, 4
10, 0.956150017149, 4
11, 0.741919166381, 4
12, 0.441211324647, 4
13, 0.554912951394, 4
14, 0.869578906733, 4
15, 0.985940941638, 4
16, 0.999442467452, 4
17, 0.99999181972, 4
18, 0.999991842898, 4
19, 0.999479809698, 4
20, 0.987730570491, 4
21, 0.89353862259, 4
22, 0.660167042, 4
23, 0.600916244051, 4
24, 0.826340619186, 4
25, 0.945357769165, 4
26, 0.809541787296, 4
27, 0.530064691693, 4
28, 0.570542529472, 4
29, 0.855614250975, 4
30, 0.982141944438, 4
31, 0.999187451057, 4
32, 0.999986399014, 4
33, 0.999999916248, 4
34, 0.99999999981, 4
35, 1.0, 4
36, 0.999999999936, 4
37, 0.999999965372, 4
38, 0.999993127087, 4
39, 0.999498167424, 4
40, 0.986520232871, 4
41, 0.866797784679, 4
42, 0.515776319876, 4
43, 0.352430898436, 4
44, 0.681410300033, 4
45, 0.942338908188, 4
46, 0.996160810843, 4
47, 0.999905960721, 4
48, 0.999998590505, 4
49, 0.999929493639, 4
50, 0.996746965478, 4
51, 0.944783120083, 4
52, 0.655205307534, 4
53, 0.207945985948, 4
54, 0.330648031923, 4
55, 0.791905880289, 4
56, 0.976200348935, 4
57, 0.998998647724, 4
58, 0.999984500821, 4
59, 0.999999911746, 4
60, 0.999999999815, 4
61, 1.0, 4
62, 1.0, 4
63, 1.0, 4
64, 0.999999999979, 4
65, 0.999999987071, 4
66, 0.999997061856, 4
67, 0.999754366904, 4
68, 0.992445491585, 4
69, 0.914526585174, 4
70, 0.644236475298, 4
71, 0.455249921748, 4
72, 0.693141115818, 4
73, 0.936410469307, 4
74, 0.995152274098, 4
75, 0.999864044741, 4
76, 0.999998597317, 4
77, 0.999999994676, 4
78, 0.999999999993, 4
79, 1.0, 4
80, 1.0, 4
81, 1.0, 4
82, 1.0, 4
83, 1.0, 4
84, 1.0, 4
85, 1.0, 4
86, 1.0, 4
87, 1.0, 4
88, 1.0, 4
89, 1.0, 4
90, 1.0, 4
91, 1.0, 4
92, 1.0, 4
93, 1.0, 4
94, 1.0, 4
95, 1.0, 4
96, 1.0, 4
97, 1.0, 4
98, 1.0, 4
99, 1.0, 4
100, 1.0, 4
101, 1.0, 4
102, 1.0, 4
103, 1.0, 4
104, 1.0, 4
105, 1.0, 4
106, 1.0, 4
107, 1.0, 4
108, 1.0, 4
109, 1.0, 4
110, 1.0, 4
111, 1.0, 4
112, 1.0, 4
113, 1.0, 4
114, 1.0, 4
115, 1.0, 4
116, 1.0, 4
117, 1.0, 4
118, 1.0, 4
119, 1.0, 4
120, 1.0, 4
121, 1.0, 4
122, 1.0, 4
123, 0.99999999997, 4
124, 0.999999981467, 4
125, 0.999995749622, 4
126, 0.999641389191, 4
127, 0.988869242436, 4
128, 0.872904085542, 4
129, 0.466119602748, 4
130, 0.174984937276, 4
131, 0.530986548468, 4
132, 0.901912370798, 4
133, 0.992453445813, 4
134, 0.999786406186, 4
135, 0.999997776003, 4
136, 0.999999991481, 4
137, 0.999999999988, 4
138, 1.0, 4
139, 1.0, 4
140, 1.0, 4
141, 1.0, 4
142, 1.0, 4
143, 1.0, 4
144, 0.999999999965, 4
145, 0.999999978478, 4
146, 0.999995085942, 4
147, 0.99958463955, 4
148, 0.986980326434, 4
149, 0.850152928649, 4
150, 0.397010209323, 4
151, 0.120717088088, 4
152, 0.416898991586, 4
153, 0.843776790949, 4
154, 0.985291390746, 4
155, 0.999487089085, 4
156, 0.999993189811, 4
157, 0.999999965604, 4
158, 0.999999999934, 4
159, 1.0, 4
160, 1.0, 4
161, 1.0, 4
162, 1.0, 4
163, 1.0, 4
164, 1.0, 4
165, 1.0, 4
166, 1.0, 4
167, 1.0, 4
168, 1.0, 4
169, 1.0, 4
170, 1.0, 4
171, 1.0, 4
172, 1.0, 4
173, 1.0, 4
174, 1.0, 4
175, 1.0, 4
176, 1.0, 4
177, 1.0, 4
178, 1.0, 4
179, 1.0, 4
180, 1.0, 4
181, 1.0, 4
182, 1.0, 4
183, 1.0, 4
184, 1.0, 4
185, 1.0, 4
186, 1.0, 4
187, 1.0, 4
188, 1.0, 4
189, 1.0, 4
190, 1.0, 4
191, 0.999999999977, 4
192, 0.999999984712, 4
193, 0.99999626616, 4
194, 0.999664520206, 4
195, 0.98891125106, 4
196, 0.865164499315, 4
197, 0.396841473353, 4
198, 0.00742299591085, 4
199, 0.399099638882, 4
200, 0.866172230759, 4
201, 0.989035330875, 4
202, 0.999669516074, 4
203, 0.999996335534, 4
204, 0.999999985052, 4
205, 0.999999999978, 4
206, 1.0, 4
207, 1.0, 4
208, 1.0, 4
209, 1.0, 4
210, 1.0, 4
211, 1.0, 4
212, 1.0, 4
213, 1.0, 4
214, 1.0, 4
215, 1.0, 4
216, 1.0, 4
217, 1.0, 4
218, 1.0, 4
219, 1.0, 4
220, 1.0, 4
221, 1.0, 4
222, 1.0, 4
223, 1.0, 4
224, 1.0, 4
225, 1.0, 4
226, 1.0, 4
227, 1.0, 4
228, 1.0, 4
229, 1.0, 4
230, 0.999999999999, 4
231, 0.999999999385, 4
232, 0.999999773322, 4
233, 0.999969272342, 4
234, 0.998467657574, 4
235, 0.971888261151, 4
236, 0.810274759785, 4
237, 0.528948890391, 4
238, 0.569754368867, 4
239, 0.85543258183, 4
240, 0.982129780001, 4
241, 0.999187366183, 4
242, 0.999986405432, 4
243, 0.999999916335, 4
244, 0.999999999811, 4
245, 1.0, 4
246, 1.0, 4
247, 1.0, 4
248, 1.0, 4
249, 1.0, 4
250, 1.0, 4
251, 1.0, 4
252, 1.0, 4
253, 1.0, 4
254, 1.0, 4


0, 1.0, 5
1, 1.0, 5
2, 1.0, 5
3, 1.0, 5
4, 1.0, 5
5, 1.0, 5
6, 1.0, 5
7, 1.0, 5
8, 1.0, 5
9, 1.0, 5
10, 1.0, 5
11, 1.0, 5
12, 1.0, 5
13, 1.0, 5
14, 1.0, 5
15, 1.0, 5
16, 1.0, 5
17, 0.999999999986, 5
18, 0.999999990916, 5
19, 0.999997780093, 5
20, 0.999800434321, 5
21, 0.993400021576, 5
22, 0.919702006209, 5
23, 0.640604701232, 5
24, 0.408239998243, 5
25, 0.641553503217, 5
26, 0.920125419256, 5
27, 0.993452155441, 5
28, 0.9998025334, 5
29, 0.999997809242, 5
30, 0.999999991059, 5
31, 0.999999999987, 5
32, 1.0, 5
33, 1.0, 5
34, 1.0, 5
35, 1.0, 5
36, 1.0, 5
37, 1.0, 5
38, 1.0, 5
39, 1.0, 5
40, 1.0, 5
41, 1.0, 5
42, 1.0, 5
43, 1.0, 5
44, 1.0, 5
45, 1.0, 5
46, 1.0, 5
47, 1.0, 5
48, 1.0, 5
49, 1.0, 5
50, 1.0, 5
51, 1.0, 5
52, 1.0, 5
53, 1.0, 5
54, 1.0, 5
55, 1.0, 5
56, 1.0, 5
57, 1.0, 5
58, 1.0, 5
59, 1.0, 5
60, 1.0, 5
61, 1.0, 5
62, 1.0, 5
63, 1.0, 5
64, 1.0, 5
65, 1.0, 5
66, 1.0, 5
67, 1.0, 5
68, 1.0, 5
69, 1.0, 5
70, 1.0, 5
71, 1.0, 5
72, 1.0, 5
73, 1.0, 5
74, 1.0, 5
75, 1.0, 5
76, 1.0, 5
77, 1.0, 5
78, 1.0, 5
79, 1.0, 5
80, 1.0, 5
81, 1.0, 5
82, 1.0, 5
83, 1.0, 5
84, 1.0, 5
85, 1.0, 5
86, 1.0, 5
87, 1.0, 5
88, 1.0, 5
89, 1.0, 5
90, 1.0, 5
91, 1.0, 5
92, 1.0, 5
93, 1.0, 5
94, 1.0, 5
95, 1.0, 5
96, 1.0, 5
97, 1.0, 5
98, 1.0, 5
99, 1.0, 5
100, 1.0, 5
101, 1.0, 5
102, 1.0, 5
103, 1.0, 5
104, 1.0, 5
105, 1.0, 5
106, 1.0, 5
107, 1.0, 5
108, 1.0, 5
109, 1.0, 5
110, 0.999999999998, 5
111, 0.999999998634, 5
112, 0.999999587042, 5
113, 0.999954088936, 5
114, 0.998122265219, 5
115, 0.971747514662, 5
116, 0.843618784766, 5
117, 0.681567030156, 5
118, 0.76146232113, 5
119, 0.934264273243, 5
120, 0.993335747146, 5
121, 0.999751453883, 5
122, 0.99999658972, 5
123, 0.999999905961, 5
124, 0.999987410522, 5
125, 0.999241060002, 5
126, 0.983168850083, 5
127, 0.862682574427, 5
128, 0.587861643299, 5
129, 0.544942857192, 5
130, 0.815160683335, 5
131, 0.972379706382, 5
132, 0.998481664502, 5
133, 0.999969294744, 5
134, 0.999999771565, 5
135, 0.999999999375, 5
136, 0.999999999999, 5
137, 1.0, 5
138, 1.0, 5
139, 1.0, 5
140, 1.0, 5
141, 1.0, 5
142, 1.0, 5
143, 0.999999999994, 5
144, 0.99999999582, 5
145, 0.999998928589, 5
146, 0.999898977391, 5
147, 0.996495817774, 5
148, 0.955284272343, 5
149, 0.790086949245, 5
150, 0.637486573211, 5
151, 0.769689217499, 5
152, 0.946171786879, 5
153, 0.995371810063, 5
154, 0.999853607812, 5
155, 0.999998296547, 5
156, 0.999999992708, 5
157, 0.999999999989, 5
158, 1.0, 5
159, 1.0, 5
160, 1.0, 5
161, 1.0, 5
162, 1.0, 5
163, 1.0, 5
164, 1.0, 5
165, 1.0, 5
166, 1.0, 5
167, 1.0, 5
168, 1.0, 5
169, 1.0, 5
170, 1.0, 5
171, 1.0, 5
172, 1.0, 5
173, 1.0, 5
174, 1.0, 5
175, 1.0, 5
176, 1.0, 5
177, 1.0, 5
178, 1.0, 5
179, 1.0, 5
180, 1.0, 5
181, 1.0, 5
182, 1.0, 5
183, 1.0, 5
184, 1.0, 5
185, 1.0, 5
186, 1.0, 5
187, 1.0, 5
188, 1.0, 5
189, 1.0, 5
190, 1.0, 5
191, 1.0, 5
192, 1.0, 5
193, 1.0, 5
194, 1.0, 5
195, 1.0, 5
196, 1.0, 5
197, 1.0, 5
198, 1.0, 5
199, 1.0, 5
200, 1.0, 5
201, 1.0, 5
202, 1.0, 5
203, 1.0, 5
204, 1.0, 5
205, 1.0, 5
206, 1.0, 5
207, 1.0, 5
208, 1.0, 5
209, 1.0, 5
210, 1.0, 5
211, 1.0, 5
212, 1.0, 5
213, 1.0, 5
214, 1.0, 5
215, 1.0, 5
216, 1.0, 5
217, 1.0, 5
218, 1.0, 5
219, 1.0, 5
220, 1.0, 5
221, 1.0, 5
222, 1.0, 5
223, 1.0, 5
224, 1.0, 5
225, 1.0, 5
226, 1.0, 5
227, 1.0, 5
228, 1.0, 5
229, 1.0, 5
230, 1.0, 5
231, 1.0, 5
232, 1.0, 5
233, 1.0, 5
234, 1.0, 5
235, 1.0, 5
236, 1.0, 5
237, 1.0, 5
238, 1.0, 5
239, 1.0, 5
240, 1.0, 5
241, 1.0, 5
242, 1.0, 5
243, 1.0, 5
244, 1.0, 5
245, 1.0, 5
246, 1.0, 5
247, 1.0, 5
248, 1.0, 5
249, 1.0, 5
250, 1.0, 5
251, 1.0, 5
252, 1.0, 5
253, 1.0, 5
254, 1.0, 5


0, 1.0, 6
1, 1.0, 6
2, 1.0, 6
3, 1.0, 6
4, 1.0, 6
5, 1.0, 6
6, 0.999999999998, 6
7, 0.999999998385, 6
8, 0.999999568023, 6
9, 0.999957493083, 6
10, 0.998461262523, 6
11, 0.979508442083, 6
12, 0.899609887153, 6
13, 0.819069232666, 6
14, 0.880039179351, 6
15, 0.970739967806, 6
16, 0.997354676686, 6
17, 0.999179076766, 6
18, 0.990024530933, 6
19, 0.950157360425, 6
20, 0.908304279359, 6
21, 0.934415576012, 6
22, 0.914429803016, 6
23, 0.534294981085, 6
24, 0.0543291549435, 6
25, 0.011817261064, 6
26, 0.0768323999804, 6
27, 0.345311076338, 6
28, 0.727099433017, 6
29, 0.477068097185, 6
30, 0.187580587218, 6
31, 0.528274188179, 6
32, 0.899223264058, 6
33, 0.992079722561, 6
34, 0.999771004903, 6
35, 0.999997564319, 6
36, 0.99999997944, 6
37, 0.999997319527, 6
38, 0.999760347763, 6
39, 0.992117584167, 6
40, 0.904623207243, 6
41, 0.575447302553, 6
42, 0.304773988003, 6
43, 0.581181420552, 6
44, 0.907182175725, 6
45, 0.992432675692, 6
46, 0.999773035033, 6
47, 0.999997495732, 6
48, 0.999999989835, 6
49, 0.999999999985, 6
50, 1.0, 6
51, 0.999999999998, 6
52, 0.999999998065, 6
53, 0.999999401805, 6
54, 0.999931973343, 6
55, 0.997154090076, 6
56, 0.956200546688, 6
57, 0.752017092464, 6
58, 0.483488109662, 6
59, 0.604228590442, 6
60, 0.888438580954, 6
61, 0.98843117744, 6
62, 0.999558663539, 6
63, 0.999993806217, 6
64, 0.999999968022, 6
65, 0.999999999939, 6
66, 1.0, 6
67, 1.0, 6
68, 1.0, 6
69, 1.0, 6
70, 1.0, 6
71, 1.0, 6
72, 1.0, 6
73, 1.0, 6
74, 1.0, 6
75, 1.0, 6
76, 1.0, 6
77, 1.0, 6
78, 1.0, 6
79, 1.0, 6
80, 1.0, 6
81, 1.0, 6
82, 1.0, 6
83, 1.0, 6
84, 1.0, 6
85, 1.0, 6
86, 1.0, 6
87, 1.0, 6
88, 1.0, 6
89, 1.0, 6
90, 1.0, 6
91, 1.0, 6
92, 1.0, 6
93, 1.0, 6
94, 1.0, 6
95, 1.0, 6
96, 1.0, 6
97, 1.0, 6
98, 1.0, 6
99, 1.0, 6
100, 1.0, 6
101, 1.0, 6
102, 1.0, 6
103, 1.0, 6
104, 0.999999999999, 6
105, 0.999999999476, 6
106, 0.999999812657, 6
107, 0.999975376967, 6
108, 0.998809443352, 6
109, 0.978823016441, 6
110, 0.861425393931, 6
111, 0.666413302383, 6
112, 0.704580394772, 6
113, 0.90375561073, 6
114, 0.988465014668, 6
115, 0.999491414247, 6
116, 0.999991750705, 6
117, 0.999999950776, 6
118, 0.999999999892, 6
119, 1.0, 6
120, 0.999999999991, 6
121, 0.999999994903, 6
122, 0.999998947275, 6
123, 0.999920012218, 6
124, 0.997764174549, 6
125, 0.977009011044, 6
126, 0.913027304894, 6
127, 0.878964234397, 6
128, 0.938034489327, 6
129, 0.988329435508, 6
130, 0.999191388328, 6
131, 0.999978902357, 6
132, 0.99994093287, 6
133, 0.997381601896, 6
134, 0.957159550969, 6
135, 0.742143562092, 6
136, 0.429037662528, 6
137, 0.534904151878, 6
138, 0.860625609363, 6
139, 0.984635125451, 6
140, 0.999376867255, 6
141, 0.999990703111, 6
142, 0.999999948973, 6
143, 0.999999999897, 6
144, 1.0, 6
145, 1.0, 6
146, 1.0, 6
147, 1.0, 6
148, 0.999999999783, 6
149, 0.999999899208, 6
150, 0.999982626124, 6
151, 0.998881710742, 6
152, 0.972836067446, 6
153, 0.754213151113, 6
154, 0.245997703828, 6
155, 0.0681118337898, 6
156, 0.253330401281, 6
157, 0.7646023754, 6
158, 0.974788978656, 6
159, 0.998993784139, 6
160, 0.999984865771, 6
161, 0.999999915084, 6
162, 0.999999999823, 6
163, 1.0, 6
164, 1.0, 6
165, 1.0, 6
166, 1.0, 6
167, 1.0, 6
168, 1.0, 6
169, 1.0, 6
170, 1.0, 6
171, 1.0, 6
172, 1.0, 6
173, 1.0, 6
174, 1.0, 6
175, 1.0, 6
176, 1.0, 6
177, 1.0, 6
178, 1.0, 6
179, 1.0, 6
180, 1.0, 6
181, 0.999999999997, 6
182, 0.999999997757, 6
183, 0.999999416648, 6
184, 0.999944185616, 6
185, 0.998035433403, 6
186, 0.974561418049, 6
187, 0.878821688855, 6
188, 0.787634476264, 6
189, 0.862540275403, 6
190, 0.956413147271, 6
191, 0.918611953517, 6
192, 0.785037826734, 6
193, 0.740834509389, 6
194, 0.822570389189, 6
195, 0.683579520805, 6
196, 0.219186498117, 6
197, 0.236800071303, 6
198, 0.725359279787, 6
199, 0.963641365491, 6
200, 0.998229250882, 6
201, 0.999968274236, 6
202, 0.999999790891, 6
203, 0.999999999493, 6
204, 1.0, 6
205, 1.0, 6
206, 1.0, 6
207, 1.0, 6
208, 1.0, 6
209, 1.0, 6
210, 1.0, 6
211, 1.0, 6
212, 1.0, 6
213, 1.0, 6
214, 0.999999999999, 6
215, 0.999999999619, 6
216, 0.999999893635, 6
217, 0.999989070303, 6
218, 0.999586834601, 6
219, 0.994254269167, 6
220, 0.97060509042, 6
221, 0.94467715595, 6
222, 0.961696153694, 6
223, 0.99024368549, 6
224, 0.999085813685, 6
225, 0.999968487043, 6
226, 0.999999600378, 6
227, 0.999999998136, 6
228, 0.999999999997, 6
229, 1.0, 6
230, 1.0, 6
231, 1.0, 6
232, 0.999999999954, 6
233, 0.999999973096, 6
234, 0.999994166427, 6
235, 0.999534665127, 6
236, 0.986344673308, 6
237, 0.85258417499, 6
238, 0.41454753623, 6
239, 0.1446483711, 6
240, 0.54026956727, 6
241, 0.909099276764, 6
242, 0.993387937627, 6
243, 0.999823065688, 6
244, 0.999998258222, 6
245, 0.999999993688, 6
246, 0.999999996754, 6
247, 0.999998981243, 6
248, 0.999882042019, 6
249, 0.994974558113, 6
250, 0.921286923702, 6
251, 0.548583064767, 6
252, 0.0515452729121, 6
253, 0.257582924098, 6
254, 0.784127681595, 6


0, 1.0, 7
1, 1.0, 7
2, 1.0, 7
3, 1.0, 7
4, 1.0, 7
5, 1.0, 7
6, 1.0, 7
7, 1.0, 7
8, 1.0, 7
9, 1.0, 7
10, 1.0, 7
11, 1.0, 7
12, 1.0, 7
13, 1.0, 7
14, 1.0, 7
15, 1.0, 7
16, 1.0, 7
17, 1.0, 7
18, 1.0, 7
19, 1.0, 7
20, 1.0, 7
21, 1.0, 7
22, 1.0, 7
23, 1.0, 7
24, 0.999999999993, 7
25, 0.999999995692, 7
26, 0.999999042466, 7
27, 0.999921694192, 7
28, 0.997643703923, 7
29, 0.97385923787, 7
30, 0.891054898422, 7
31, 0.79856706844, 7
32, 0.639262878004, 7
33, 0.340632559122, 7
34, 0.475024096442, 7
35, 0.84512716301, 7
36, 0.983178096821, 7
37, 0.999327722012, 7
38, 0.999990115903, 7
39, 0.999999930052, 7
40, 0.999996218758, 7
41, 0.999672947545, 7
42, 0.989206275894, 7
43, 0.865416676162, 7
44, 0.423176646247, 7
45, 0.0890669185996, 7
46, 0.159525634106, 7
47, 0.633620165969, 7
48, 0.94431183877, 7
49, 0.996895909271, 7
50, 0.999932503867, 7
51, 0.999999427271, 7
52, 0.999999998127, 7
53, 0.999999999998, 7
54, 1.0, 7
55, 1.0, 7
56, 1.0, 7
57, 1.0, 7
58, 1.0, 7
59, 1.0, 7
60, 1.0, 7
61, 1.0, 7
62, 0.999999999996, 7
63, 0.999999996904, 7
64, 0.999999042293, 7
65, 0.999891000131, 7
66, 0.995436219531, 7
67, 0.929704255658, 7
68, 0.601673829932, 7
69, 0.16966343087, 7
70, 0.363241123012, 7
71, 0.820360606956, 7
72, 0.981340890374, 7
73, 0.998437765802, 7
74, 0.982968480559, 7
75, 0.874751727978, 7
76, 0.660963877409, 7
77, 0.662381760024, 7
78, 0.876312623202, 7
79, 0.983070889992, 7
80, 0.993540730655, 7
81, 0.95583308965, 7
82, 0.872787446215, 7
83, 0.865130294209, 7
84, 0.945927372943, 7
85, 0.968730854004, 7
86, 0.866499805348, 7
87, 0.727149339932, 7
88, 0.793171811316, 7
89, 0.913423945529, 7
90, 0.752857679517, 7
91, 0.308270268497, 7
92, 0.274966777068, 7
93, 0.720407066985, 7
94, 0.96033330685, 7
95, 0.997744971491, 7
96, 0.994762577318, 7
97, 0.946379243436, 7
98, 0.796511272659, 7
99, 0.715910330751, 7
100, 0.854093027547, 7
101, 0.972432196218, 7
102, 0.998083830999, 7
103, 0.999951002833, 7
104, 0.999999539093, 7
105, 0.999999998405, 7
106, 0.999999999998, 7
107, 1.0, 7
108, 0.999999999997, 7
109, 0.99999999769, 7
110, 0.999999269463, 7
111, 0.999915006486, 7
112, 0.996362234031, 7
113, 0.942721815595, 7
114, 0.668220728779, 7
115, 0.293007555691, 7
116, 0.44577538011, 7
117, 0.840168500462, 7
118, 0.983043177794, 7
119, 0.999338053888, 7
120, 0.999978411988, 7
121, 0.999610981668, 7
122, 0.995394736621, 7
123, 0.979941410415, 7
124, 0.967859554537, 7
125, 0.981053224096, 7
126, 0.995765304455, 7
127, 0.994654869564, 7
128, 0.926923936657, 7
129, 0.608681592478, 7
130, 0.229018815135, 7
131, 0.441191667051, 7
132, 0.850997282795, 7
133, 0.985147920081, 7
134, 0.991646650374, 7
135, 0.90599453997, 7
136, 0.58473081663, 7
137, 0.32346966338, 7
138, 0.564327439392, 7
139, 0.760246790313, 7
140, 0.807428395503, 7
141, 0.895122325268, 7
142, 0.822953701042, 7
143, 0.663387873743, 7
144, 0.685393089601, 7
145, 0.500892484907, 7
146, 0.177974770433, 7
147, 0.466206763948, 7
148, 0.872355063712, 7
149, 0.988769229329, 7
150, 0.999636479367, 7
151, 0.999995671329, 7
152, 0.999999981038, 7
153, 0.999999999969, 7
154, 1.0, 7
155, 1.0, 7
156, 1.0, 7
157, 1.0, 7
158, 1.0, 7
159, 0.999999999948, 7
160, 0.999999974359, 7
161, 0.999995364127, 7
162, 0.999691657732, 7
163, 0.992455332673, 7
164, 0.932087042288, 7
165, 0.775109705396, 7
166, 0.726035494522, 7
167, 0.877221194383, 7
168, 0.979757785301, 7
169, 0.998772283288, 7
170, 0.999972606733, 7
171, 0.999999775149, 7
172, 0.999999999321, 7
173, 0.999999999999, 7
174, 1.0, 7
175, 1.0, 7
176, 1.0, 7
177, 1.0, 7
178, 1.0, 7
179, 1.0, 7
180, 1.0, 7
181, 1.0, 7
182, 1.0, 7
183, 1.0, 7
184, 1.0, 7
185, 1.0, 7
186, 1.0, 7
187, 1.0, 7
188, 1.0, 7
189, 0.999999999998, 7
190, 0.999999998239, 7
191, 0.999999534899, 7
192, 0.999953697048, 7
193, 0.998241508121, 7
194, 0.974265587947, 7
195, 0.855978937344, 7
196, 0.686043982365, 7
197, 0.709873399803, 7
198, 0.883552271098, 7
199, 0.914413061948, 7
200, 0.814128000367, 7
201, 0.824288553102, 7
202, 0.938696030197, 7
203, 0.99213114822, 7
204, 0.99962843027, 7
205, 0.999993545318, 7
206, 0.999999958751, 7
207, 0.999999999903, 7
208, 1.0, 7
209, 1.0, 7
210, 1.0, 7
211, 1.0, 7
212, 0.999999999975, 7
213, 0.999999984619, 7
214, 0.999996460002, 7
215, 0.9996998094, 7
216, 0.990607023759, 7
217, 0.891455790238, 7
218, 0.540556436451, 7
219, 0.286010647868, 7
220, 0.555794854123, 7
221, 0.885124049472, 7
222, 0.98815155751, 7
223, 0.999501301894, 7
224, 0.999991364087, 7
225, 0.999999940057, 7
226, 0.999999999838, 7
227, 0.999999999998, 7
228, 0.999999998378, 7
229, 0.999999404521, 7
230, 0.99991874954, 7
231, 0.995872983226, 7
232, 0.922763815525, 7
233, 0.509813783465, 7
234, 0.0372502926083, 7
235, 0.0605048559679, 7
236, 0.513728603851, 7
237, 0.917253897625, 7
238, 0.928582051253, 7
239, 0.584810551255, 7
240, 0.107597427909, 7
241, 0.196215815201, 7
242, 0.622055563222, 7
243, 0.872897379048, 7
244, 0.919516291765, 7
245, 0.967639228846, 7
246, 0.994994897196, 7
247, 0.999714361723, 7
248, 0.999994001896, 7
249, 0.999999953664, 7
250, 0.999999999868, 7
251, 1.0, 7
252, 1.0, 7
253, 1.0, 7
254, 1.0, 7
