      0.00000       407.64051
      1.00000       419.26209
      2.00000       530.67455
      3.00000       405.70766
      4.00000       410.22903
      5.00000       457.64342
      6.00000       488.96127
      7.00000       463.90770
      8.00000       420.79289
      9.00000       416.26286
      10.0000       457.55253
      11.0000       403.25513
      12.0000       451.58990
      13.0000       395.45262
      14.0000       506.81056
      15.0000       358.52196
      16.0000       406.47928
      17.0000       308.71282
      18.0000       460.86620
      19.0000       346.45843
      20.0000       305.67173
      21.0000       314.99407
      22.0000       357.24711
      23.0000       341.04326
      24.0000       334.38280
      25.0000       318.49836
      26.0000       384.20842
      27.0000       265.08444
      28.0000       311.58108
      29.0000       297.20129
      30.0000       424.68795
      31.0000       321.19316
      32.0000       321.30640
      33.0000       269.94929
      34.0000       363.28386
      35.0000       261.65115
      36.0000       243.66668
      37.0000       275.86854
      38.0000       296.70837
      39.0000       239.51021
      40.0000       247.74496
      41.0000       202.76334
      42.0000       287.36684
      43.0000       211.60374
      44.0000       255.77979
      45.0000       216.11000
      46.0000       360.80700
      47.0000       290.23781
      48.0000       246.55560
      49.0000       228.49870
      50.0000       326.10120
      51.0000       261.42781
      52.0000       235.78054
      53.0000       256.53786
      54.0000       317.62521
      55.0000       291.23712
      56.0000       320.82592
      57.0000       290.20700
      58.0000       385.13903
      59.0000       320.50806
      60.0000       409.83675
      61.0000       402.73882
      62.0000       550.59402
      63.0000       523.12053
      64.0000       461.99108
      65.0000       534.04462
      66.0000       726.95475
      67.0000       735.35325
      68.0000       779.19824
      69.0000       885.38074
      70.0000       986.62851
      71.0000       1078.1103
      72.0000       1260.8965
      73.0000       1356.8678
      74.0000       1462.7481
      75.0000       1398.8985
      76.0000       1463.3782
      77.0000       1454.5240
      78.0000       1659.9342
      79.0000       1723.3008
      80.0000       1650.7659
      81.0000       1562.3166
      82.0000       1626.4889
      83.0000       1560.9481
      84.0000       1608.4637
      85.0000       1689.5101
      86.0000       1689.4744
      87.0000       1480.4914
      88.0000       1428.5759
      89.0000       1380.7318
      90.0000       1398.4700
      91.0000       1365.1470
      92.0000       1349.1510
      93.0000       1141.7852
      94.0000       1209.6015
      95.0000       1079.6618
      96.0000       1096.9979
      97.0000       1103.4898
      98.0000       1198.1155
      99.0000       1030.5932
      100.000       935.79050
      101.000       946.04775
      102.000       932.61256
      103.000       877.24439
      104.000       868.35156
      105.000       895.16785
      106.000       829.68361
      107.000       758.17746
      108.000       736.58856
      109.000       673.61676
      110.000       820.72628
      111.000       737.27906
      112.000       708.45494
      113.000       648.14002
      114.000       763.14762
      115.000       684.85502
      116.000       699.48990
      117.000       759.62026
      118.000       806.06732
      119.000       675.32938
      120.000       640.41649
      121.000       737.34035
      122.000       736.66620
      123.000       681.70266
      124.000       706.17574
      125.000       635.39880
      126.000       735.71015
      127.000       656.54374
      128.000       704.87253
      129.000       702.21554
      130.000       796.40741
      131.000       691.34371
      132.000       712.34813
      133.000       783.68003
      134.000       872.38409
      135.000       805.52661
      136.000       754.31733
      137.000       887.86326
      138.000       842.44557
      139.000       835.60543
      140.000       813.95145
      141.000       799.10438
      142.000       858.29568
      143.000       726.49943
      144.000       726.91352
      145.000       669.60933
      146.000       706.44061
      147.000       559.30094
      148.000       553.26828
      149.000       551.18071
      150.000       578.85087
      151.000       469.81774
      152.000       400.26995
      153.000       493.15860
      154.000       475.65803
      155.000       422.35011
      156.000       407.46077
      157.000       367.12383
      158.000       449.51193
      159.000       355.24416
      160.000       374.81142
      161.000       381.48422
      162.000       418.76911
      163.000       330.88750
      164.000       363.46449
      165.000       373.44803
      166.000       428.77774
      167.000       368.78279
      168.000       277.09296
      169.000       369.09356
      170.000       361.73561
      171.000       363.74433
      172.000       370.90310
      173.000       312.06927
      174.000       394.43119
      175.000       293.74042
      176.000       306.31535
      177.000       315.26168
      178.000       394.69605
      179.000       280.32794
      180.000       369.71359
      181.000       344.59267
      182.000       365.31512
      183.000       316.72636
      184.000       256.34743
      185.000       378.01959
      186.000       350.44950
      187.000       406.38901
      188.000       318.13649
      189.000       271.28296
      190.000       367.51833
      191.000       294.70470
      192.000       275.48488
      193.000       270.95583
      194.000       342.42284
      195.000       241.84661
      196.000       248.66855
      197.000       219.15171
      198.000       204.84817
      199.000       182.81900
      200.000       75.180008
      201.000       162.32064
      202.000       142.18843
      203.000       160.31236
      204.000       63.905502
      205.000       47.646316
      206.000       147.83657
      207.000       111.51353
      208.000       85.727956
      209.000       61.817916
      210.000       186.93726
      211.000       108.12331
      212.000       168.01535
      213.000       152.51884
      214.000       176.36429
      215.000       159.71267
      216.000       93.780387
      217.000       155.60685
      218.000       178.93386
      219.000       207.36524
      220.000       180.95694
      221.000       138.99069
      222.000       191.56737
      223.000       143.96091
      224.000       130.41168
      225.000       133.54876
      226.000       242.79328
      227.000       206.56566
      228.000       230.16885
      229.000       167.86923
      230.000       142.38247
      231.000       90.052746
      232.000       43.676360
      233.000       73.157174
      234.000       119.78672
      235.000       149.55651
      236.000       72.808775
      237.000       21.234908
      238.000       48.952722
      239.000      -32.889975
      240.000      -28.169325
      241.000      -23.042752
      242.000       93.374908
      243.000       26.805875
      244.000       40.680778
      245.000      -33.435285
      246.000      -57.975266
      247.000      -118.81838
      248.000      -109.33054
      249.000      -73.221889
      250.000      -53.830292
      251.000      -59.645321
      252.000      -110.61194
      253.000      -150.39895
      254.000      -64.862794
      255.000      -105.95249
